Bratislava - Stare Mesto;39187;24952;63,67;24931;24836
Bratislava - Podunajske Biskupice;20042;10378;51,78;10375;10271
Bratislava - Ruzinov;66641;40628;60,96;40605;40452
Bratislava - Vrakuna;17536;8954;51,06;8953;8916
Bratislava - Nove Mesto;35131;21726;61,84;21719;21629
Bratislava - Raca;19953;11768;58,97;11759;11710
Bratislava - Vajnory;4649;2877;61,88;2877;2863
Bratislava - Devin;1405;957;68,11;956;952
Bratislava - Devinska Nova Ves;14162;8244;58,21;8236;8205
Bratislava - Dubravka;31278;17572;56,18;17567;17491
Bratislava - Karlova Ves;30273;18848;62,26;18836;18769
Bratislava - Lamac;6198;4078;65,79;4078;4065
Bratislava - Zahorska Bystrica;4338;3001;69,17;2999;2987
Bratislava - Cunovo;1212;866;71,45;866;863
Bratislava - Jarovce;2055;1430;69,58;1430;1426
Bratislava - Petrzalka;94260;53855;57,13;53826;53648
Bratislava - Rusovce;3371;2230;66,15;2221;2210
Borinka;644;412;63,97;412;412
Gajary;2468;1018;41,24;1018;1013
Jablonove - Malacky;1074;638;59,4;638;635
Jakubov;1326;660;49,77;659;656
Kostoliste;1223;687;56,17;687;682
Kuchyna;1444;738;51,1;738;731
Lab;1502;882;58,72;882;878
Lozorno;2556;1275;49,88;1275;1266
Malacky;15201;7764;51,07;7763;7724
Male Levare;1110;445;40,09;445;438
Marianka;1635;1104;67,52;1104;1104
Pernek;723;393;54,35;393;392
Plavecke Podhradie;586;313;53,41;313;310
Plavecky Mikulas;622;398;63,98;398;394
Plavecky Stvrtok;1979;868;43,86;868;864
Rohoznik - Malacky;2889;1357;46,97;1357;1350
Solosnica;1340;724;54,02;724;720
Studienka;1438;686;47,7;686;685
Stupava;9249;5630;60,87;5626;5604
Suchohrad;581;293;50,43;293;292
Velke Levare;3036;1367;45,02;1367;1356
Vysoka pri Morave;1840;902;49,02;902;899
Zahorie (vojensky obvod);140;66;47,14;66;65
Zahorska Ves;1497;560;37,4;560;556
Zavod;2367;991;41,86;991;986
Zohor;2700;1417;52,48;1417;1413
Bahon;1532;868;56,65;868;864
Budmerice;1944;1066;54,83;1066;1058
Casta;1908;1110;58,17;1110;1106
Dolany - Pezinok;903;622;68,88;622;619
Dubova - Pezinok;927;595;64,18;595;591
Jablonec;801;458;57,17;458;456
Limbach;1667;1140;68,38;1140;1140
Modra;7805;4711;60,35;4709;4695
Pezinok;19823;12520;63,15;12518;12471
Pila - Pezinok;297;179;60,26;179;179
Slovensky Grob;3269;2101;64,27;2101;2093
Svaty Jur;4707;2799;59,46;2796;2779
Senkvice;4112;2541;61,79;2540;2530
Stefanova;308;179;58,11;179;178
Vinicne;2034;1375;67,6;1375;1369
Vinosady;1120;764;68,21;764;762
Vistuk;1147;623;54,31;623;618
Bernolakovo;6048;3769;62,31;3769;3754
Blatne;1381;824;59,66;824;820
Boldog;404;245;60,64;245;244
Cataj;967;615;63,59;615;614
Dunajska Luzna;5085;3238;63,67;3237;3227
Hamuliakovo;1858;1063;57,21;1062;1062
Hruba Borsa;808;533;65,96;533;531
Hruby Sur;753;438;58,16;438;436
Hurbanova Ves;317;200;63,09;200;200
Chorvatsky Grob;4552;3029;66,54;3029;3023
Igram;480;267;55,62;267;265
Ivanka pri Dunaji;5308;3416;64,35;3407;3391
Kalinkovo;1126;697;61,9;697;691
Kaplna;703;399;56,75;399;393
Kostolna pri Dunaji;546;337;61,72;337;334
Kralova pri Senci;1612;1002;62,15;1002;993
Malinovo;2736;1751;63,99;1751;1741
Miloslavov;2336;1634;69,94;1633;1624
Most pri Bratislave;2644;1648;62,32;1648;1642
Nova Dedinka;2150;1295;60,23;1295;1289
Novy Svet;82;56;68,29;56;56
Reca;1255;658;52,43;658;648
Rovinka;3268;2054;62,85;2054;2049
Senec;15285;8200;53,64;8199;8156
Tomasov;2124;1163;54,75;1163;1158
Turen;920;521;56,63;521;518
Velky Biel;2164;1190;54,99;1190;1186
Vlky;372;212;56,98;212;209
Zalesie - Senec;1529;1079;70,56;1079;1078
Bac;472;248;52,54;248;238
Baka;973;295;30,31;293;290
Balon;619;156;25,2;156;154
Bellova Ves;256;135;52,73;135;134
Blahova;308;167;54,22;167;166
Blatna na Ostrove;766;322;42,03;322;320
Bodiky;286;135;47,2;135;135
Bohelov;296;102;34,45;102;101
Cakany;504;269;53,37;269;267
Cenkovce;902;367;40,68;367;367
Cilizska Radvan;986;184;18,66;184;182
Dobrohost;433;216;49,88;216;215
Dolny Bar;597;198;33,16;197;196
Dolny Stal;1624;409;25,18;409;406
Dunajska Streda;19293;6041;31,31;6034;5991
Dunajsky Klatov;578;149;25,77;149;148
Gabcikovo;4332;1204;27,79;1204;1194
Holice;1770;602;34,01;602;598
Horna Poton;1731;601;34,71;601;601
Horne Myto;782;159;20,33;159;157
Horny Bar;1053;438;41,59;438;437
Hubice;526;273;51,9;273;271
Hviezdoslavov;1379;886;64,24;886;883
Jahodna;1398;339;24,24;339;336
Janiky;755;414;54,83;414;411
Jurova;397;140;35,26;140;140
Klucovec;311;92;29,58;92;89
Kostolne Kracany;1160;436;37,58;436;435
Kralovicove Kracany;899;293;32,59;293;291
Kutniky;1155;448;38,78;448;445
Kvetoslavov;1262;799;63,31;799;795
Kyselica;160;72;45;72;72
Lehnice;2315;888;38,35;886;876
Luc na Ostrove;614;217;35,34;217;217
Macov;325;195;60;195;193
Mad;466;178;38,19;178;175
Male Dvorniky;941;386;41,02;386;385
Medvedov;483;129;26,7;129;129
Mierovo;361;202;55,95;202;202
Michal na Ostrove;820;316;38,53;316;311
Narad;540;193;35,74;193;186
Novy Zivot;1836;674;36,71;674;664
Ohrady;1120;299;26,69;299;298
Okoc;3100;605;19,51;605;575
Oldza;403;210;52,1;210;209
Orechova Poton;1463;456;31,16;456;453
Padan;740;186;25,13;186;186
Patas;658;102;15,5;102;102
Potonske Luky;229;87;37,99;87;86
Povoda;803;272;33,87;272;269
Rohovce;922;400;43,38;399;394
Sap;441;121;27,43;121;119
Samorin;10981;5058;46,06;5058;5027
Stvrtok na Ostrove;1437;631;43,91;631;626
Topolniky;2578;721;27,96;721;713
Trhova Hradska;1860;505;27,15;505;501
Trnavka - Dunajska Streda;418;196;46,88;196;196
Trstena na Ostrove;498;176;35,34;176;170
Velka Paka;776;420;54,12;420;417
Velke Blahovo;1241;326;26,26;326;323
Velke Dvorniky;1047;305;29,13;305;300
Velky Meder;7097;1570;22,12;1570;1561
Vieska - Dunajska Streda;360;160;44,44;160;159
Vojka nad Dunajom;410;212;51,7;212;210
Vrakun;2255;715;31,7;714;705
Vydrany;1451;433;29,84;433;425
Zlate Klasy;2753;532;19,32;532;529
Abraham;905;527;58,23;527;527
Cierna Voda;1147;564;49,17;564;555
Cierny Brod;1372;430;31,34;430;426
Dolna Streda;1289;731;56,71;731;721
Dolne Saliby;1721;570;33,12;564;555
Dolny Chotar;300;74;24,66;74;73
Galanta;12474;5936;47,58;5928;5902
Gan;684;368;53,8;368;367
Horne Saliby;2671;1030;38,56;1030;1015
Hoste;393;215;54,7;215;214
Janovce - Galanta;406;223;54,92;223;223
Jelka;3357;1129;33,63;1129;1117
Kajal;1249;465;37,22;465;464
Kosuty;1403;571;40,69;571;559
Kralov Brod;907;268;29,54;268;264
Mala Maca;499;232;46,49;232;229
Matuskovo;1888;953;50,47;953;946
Mostova;1339;485;36,22;485;484
Pata;2637;1271;48,19;1271;1259
Puste Sady;530;256;48,3;256;253
Puste Ulany;1443;735;50,93;735;725
Sered;13365;6528;48,84;6528;6495
Sladkovicovo;4405;1783;40,47;1783;1780
Salgocka;390;192;49,23;192;189
Sintava;1468;822;55,99;822;820
Soporna;3451;1555;45,05;1555;1547
Tomasikovo;1331;389;29,22;389;384
Topolnica;694;369;53,17;369;367
Trstice;3214;973;30,27;973;969
Vahovce;1743;637;36,54;637;633
Velka Maca;2131;787;36,93;787;780
Velke Ulany;3766;1573;41,76;1573;1565
Velky Grob;1122;562;50,08;562;559
Vinohrady nad Vahom;1365;660;48,35;660;658
Vozokany - Galanta;967;348;35,98;348;346
Zemianske Sady;689;301;43,68;301;300
Banka;1853;1002;54,07;1002;999
Basovce;277;169;61,01;169;168
Borovce;867;450;51,9;450;447
Dolny Lopasov;819;411;50,18;411;410
Drahovce;2168;1118;51,56;1117;1111
Dubovany;828;412;49,75;412;410
Ducove;370;217;58,64;217;212
Hubina;434;222;51,15;222;222
Chtelnica;2156;1295;60,06;1294;1286
Kocin - Lancar;433;241;55,65;241;239
Krakovany;1162;679;58,43;679;678
Moravany nad Vahom;1915;1055;55,09;1055;1044
Nizna - Piestany;463;255;55,07;255;255
Ostrov - Piestany;1015;556;54,77;556;552
Pecenady;463;243;52,48;243;243
Piestany;23983;13007;54,23;13001;12941
Prasnik;686;354;51,6;354;353
Rakovice;482;279;57,88;278;276
Ratnovce;844;413;48,93;413;412
Sokolovce;1106;561;50,72;561;557
Sipkove;264;144;54,54;144;143
Sterusy;410;210;51,21;210;207
Trebatice;1089;590;54,17;590;589
Velke Kostolany;2283;1066;46,69;1066;1061
Velke Orviste;885;417;47,11;416;413
Vesele;975;510;52,3;510;504
Vrbove;4842;2521;52,06;2518;2508
Bilkove Humence;170;97;57,05;97;96
Borsky Mikulas;3259;1456;44,67;1456;1449
Borsky Svaty Jur;1327;572;43,1;572;569
Cerova;958;570;59,49;570;568
Cary;1021;430;42,11;430;428
Castkov;476;311;65,33;311;304
Dojc;1002;526;52,49;526;513
Hlboke;778;424;54,49;424;424
Hradiste pod Vratnom;580;333;57,41;333;332
Jablonica;1858;908;48,86;908;905
Kovalov;576;339;58,85;339;339
Kuklov;626;180;28,75;180;179
Kuty;3991;2151;53,89;2151;2128
Laksarska Nova Ves;936;433;46,26;433;431
Moravsky Svaty Jan;1801;933;51,8;933;928
Osuske;487;192;39,42;192;191
Plavecky Peter;510;264;51,76;264;264
Podbranc;524;300;57,25;300;298
Prietrz;614;358;58,3;358;356
Prievaly;810;466;57,53;466;463
Rohov;348;148;42,52;148;147
Rovensko;350;236;67,42;236;233
Rybky;346;207;59,82;207;207
Sekule;1436;738;51,39;738;733
Senica;16558;7941;47,95;7941;7904
Smolinske;749;448;59,81;448;444
Smrdaky;539;344;63,82;344;342
Sobotiste;1237;731;59,09;731;727
Sajdikove Humence;920;454;49,34;454;450
Sastin - Straze;4122;1826;44,29;1826;1819
Stefanov;1300;620;47,69;620;613
Brodske;1945;834;42,87;834;828
Dubovce;522;301;57,66;301;301
Gbely;4202;2047;48,71;2047;2040
Holic;9233;4545;49,22;4544;4511
Chropov;302;180;59,6;180;179
Katov;515;286;55,53;286;285
Kopcany;2056;958;46,59;958;957
Kovalovec;126;81;64,28;81;80
Letnicie;413;253;61,25;253;252
Lopasov;257;191;74,31;191;191
Mokry Haj;584;325;55,65;325;323
Oreske - Skalica;307;228;74,26;228;228
Petrova Ves;870;499;57,35;499;497
Popudinske Mocidlany;749;376;50,2;376;374
Prietrzka;409;256;62,59;256;254
Radimov;454;246;54,18;246;245
Radosovce - Skalica;1456;866;59,47;866;860
Skalica;12717;6377;50,14;6364;6322
Trnovec;243;155;63,78;155;155
Unin;998;569;57,01;569;567
Vradiste;654;370;56,57;369;368
Bojnicky;1182;568;48,05;566;562
Cervenik;1343;754;56,14;754;745
Dolne Otrokovce;307;146;47,55;146;144
Dolne Trhoviste;521;270;51,82;270;270
Dolne Zelenice;479;293;61,16;293;293
Dvorniky;1634;729;44,61;729;729
Hlohovec;17577;8929;50,79;8922;8854
Horne Otrokovce;728;390;53,57;389;387
Horne Trhoviste;481;235;48,85;235;232
Horne Zelenice;552;257;46,55;257;257
Jalsove;414;204;49,27;204;200
Klacany;890;432;48,53;432;432
Koplotovce;599;345;57,59;345;343
Leopoldov;3526;1952;55,36;1952;1944
Madunice;1795;989;55,09;989;985
Merasice;356;186;52,24;186;185
Pastuchov;769;363;47,2;363;361
Ratkovce;269;172;63,94;172;169
Sasinkovo;719;289;40,19;289;287
Siladice;593;302;50,92;302;300
Tekoldany;122;68;55,73;68;67
Teplicky;253;123;48,61;123;123
Trakovice;1256;747;59,47;747;737
Zlkovce;543;311;57,27;311;310
Biely Kostol;1681;967;57,52;967;958
Binovce;549;310;56,46;310;308
Bohdanovce nad Trnavou;1144;688;60,13;688;685
Boleraz;1874;974;51,97;974;972
Borova;363;198;54,54;198;197
Brestovany;2104;1076;51,14;1074;1061
Bucany;1906;1030;54,03;1030;1028
Bukova;566;318;56,18;318;315
Cifer;3571;1999;55,97;1997;1971
Dechtice;1521;904;59,43;904;901
Dlha;355;188;52,95;188;187
Dobra Voda;700;442;63,14;442;441
Dolna Krupa;1928;1030;53,42;1030;1025
Dolne Dubove;589;356;60,44;356;354
Dolne Lovcice;634;377;59,46;377;375
Dolne Oresany;1082;635;58,68;635;631
Horna Krupa;425;223;52,47;223;220
Horne Dubove;318;186;58,49;186;186
Horne Oresany;1577;865;54,85;865;860
Hrnciarovce nad Parnou;2310;1509;65,32;1507;1496
Jaslovske Bohunice;1814;1051;57,93;1051;1048
Katlovce;920;566;61,52;566;561
Kosolna;658;378;57,44;378;378
Krizovany nad Dudvahom;1483;796;53,67;796;794
Losonec;473;241;50,95;241;239
Majcichov;1727;934;54,08;933;928
Malzenice;1217;681;55,95;681;673
Nahac;359;189;52,64;189;189
Opoj;939;531;56,54;531;531
Pavlice;451;273;60,53;273;269
Radosovce;326;196;60,12;196;193
Ruzindol;1278;736;57,58;736;735
Slovenska Nova Ves;430;257;59,76;257;256
Smolenice;2719;1666;61,27;1666;1663
Sucha nad Parnou;1735;1031;59,42;1031;1026
Selpice;725;385;53,1;385;382
Spacince;2307;1441;62,46;1441;1430
Surovce;1902;1030;54,15;1030;1023
Trnava;53227;28001;52,6;27984;27855
Trstin;1176;640;54,42;640;633
Vlckovce;1114;631;56,64;631;628
Voderady;1174;650;55,36;650;649
Zavar;1695;858;50,61;858;857
Zelenec;2205;1205;54,64;1205;1197
Zvoncin;674;391;58,01;391;390
Banovce nad Bebravou;14890;7518;50,49;7514;7474
Borcany;204;102;50;102;101
Brezolupy;406;230;56,65;230;228
Cimenna;77;54;70,12;54;54
Cierna Lehota - Banovca nad Bebravou;119;68;57,14;68;65
Dezerice;725;428;59,03;428;427
Dolne Nastice;453;259;57,17;259;259
Dubnicka;107;77;71,96;77;77
Dvorec;354;204;57,62;204;204
Halacovce;267;157;58,8;157;156
Horne Nastice;373;236;63,27;236;233
Chuda Lehota;183;116;63,38;116;116
Krasna Ves;427;232;54,33;232;231
Ksinna;415;220;53,01;220;219
Libichava;120;65;54,16;65;65
Lutov;136;87;63,97;87;87
Mala Hradna;322;210;65,21;210;210
Male Hoste;343;175;51,02;175;174
Miezgovce;229;153;66,81;153;153
Nedasovce;366;210;57,37;210;208
Omastina;39;20;51,28;20;20
Otrhanky;336;226;67,26;226;224
Pecenany;421;227;53,91;227;227
Podluzany - Banovca nad Bebravou;725;392;54,06;392;390
Pochabany;203;115;56,65;115;114
Pravotice;260;156;60;156;156
Prusy;502;292;58,16;292;292
Ruskovce - Banovca nad Bebravou;447;283;63,31;283;281
Rybany;1229;620;50,44;620;616
Slatina nad Bebravou;343;199;58,01;199;197
Slatinka nad Bebravou;166;97;58,43;97;97
Sipkov;129;64;49,61;64;64
Sisov;420;190;45,23;190;189
Timoradza;430;249;57,9;249;248
Trebichava;43;32;74,41;32;32
Uhrovec;1291;742;57,47;742;739
Uhrovske Podhradie;38;32;84,21;32;32
Velke Drzkovce;546;326;59,7;326;326
Velke Hoste;478;250;52,3;250;250
Velke Chlievany;396;217;54,79;217;217
Vysocany;97;60;61,85;60;59
Zlatniky;567;299;52,73;299;299
Zitna - Radisa;380;211;55,52;211;209
Brestovec - Myjava;806;419;51,98;419;415
Brezova pod Bradlom;4247;2083;49,04;2083;2071
Bukovec - Myjava;361;208;57,61;208;206
Hrasne;429;204;47,55;204;204
Chvojnica - Myjava;306;175;57,18;175;175
Jablonka;428;245;57,24;245;245
Kostolne;493;248;50,3;248;248
Kosariska;375;239;63,73;239;239
Krajne;1242;623;50,16;623;619
Myjava;9587;4823;50,3;4823;4791
Podkylava;203;119;58,62;119;119
Polianka;336;173;51,48;173;171
Poriadie;597;319;53,43;319;316
Priepasne;314;162;51,59;162;160
Rudnik - Myjava;662;353;53,32;353;348
Stara Myjava;659;413;62,67;413;412
Vrbovce;1233;592;48,01;592;584
Beckov;1170;702;60;702;696
Bosaca;1119;666;59,51;666;655
Brunovce;484;269;55,57;269;268
Bzince pod Javorinou;1754;967;55,13;967;965
Cachtice;3006;1521;50,59;1520;1512
Castkovce;1238;698;56,38;698;695
Dolne Srnie;799;467;58,44;467;465
Haluzice;70;45;64,28;45;45
Horna Streda;1134;631;55,64;631;623
Horka nad Vahom;622;344;55,3;343;343
Hradok;568;317;55,8;317;314
Hrachoviste;557;287;51,52;287;287
Kalnica;854;469;54,91;469;465
Kocovce;1267;751;59,27;751;751
Lubina;1223;640;52,33;640;639
Luka;570;332;58,24;332;331
Modrova;411;249;60,58;249;246
Modrovka;174;92;52,87;92;91
Moravske Lieskove;2127;1145;53,83;1145;1123
Nova Bosaca;923;518;56,12;518;512
Nova Lehota;207;120;57,97;120;118
Nova Ves nad Vahom;451;250;55,43;250;249
Nove Mesto nad Vahom;16216;8631;53,22;8630;8589
Ockov;383;204;53,26;204;203
Pobedim;955;462;48,37;462;461
Podolie;1575;808;51,3;808;804
Potvorice;526;295;56,08;295;294
Povazany;1064;530;49,81;530;527
Stara Lehota;177;101;57,06;101;99
Stara Tura;7590;4143;54,58;4143;4103
Trencianske Bohuslavice;786;464;59,03;464;464
Vadovce;596;297;49,83;297;290
Visnove - Nove Mesto nad Vahom;144;76;52,77;76;76
Zemianske Podhradie;625;311;49,76;311;307
Bodina;412;206;50;206;206
Brvniste;1026;533;51,94;533;523
Celkova Lehota;114;82;71,92;82;79
Dolna Marikova;1167;637;54,58;636;630
Dolny Lieskov;663;313;47,2;313;313
Domaniza;1317;715;54,29;715;714
Durdove;132;71;53,78;71;71
Hatne;512;271;52,92;271;270
Horna Marikova;527;247;46,86;247;245
Horny Lieskov;340;194;57,05;194;193
Jasenica;927;577;62,24;577;571
Kliestina;294;157;53,4;157;154
Kostolec;200;107;53,5;107;107
Male Lednice;426;254;59,62;254;253
Papradno;2051;1085;52,9;1083;1074
Plevnik - Drienove;1340;756;56,41;756;748
Pocarova;121;81;66,94;81;81
Podskalie;118;81;68,64;81;81
Povazska Bystrica;32849;17051;51,9;17050;16949
Precin;1190;659;55,37;659;657
Pruzina;1600;790;49,37;790;780
Sadocne;138;82;59,42;82;77
Slopna;382;219;57,32;219;219
Stupne;561;295;52,58;295;290
Sverepec;1049;561;53,47;561;558
Udica;1834;980;53,43;979;975
Vrchtepla;222;148;66,66;148;148
Zaskalie;150;75;50;75;74
Belusa;5073;2729;53,79;2729;2717
Dohnany;1482;780;52,63;780;774
Dolna Breznica;792;374;47,22;374;374
Dolne Kockovce;1024;606;59,17;606;603
Horna Breznica;420;202;48,09;202;198
Horovce - Puchov;690;357;51,73;357;350
Kvasov;525;226;43,04;226;225
Lazy pod Makytou;1111;536;48,24;536;533
Lednica;786;322;40,96;322;319
Lednicke Rovne;3308;1715;51,84;1715;1706
Luky;757;424;56,01;424;417
Lysa pod Makytou;1697;875;51,56;875;870
Mestecko;428;234;54,67;234;230
Mojtin;394;201;51,01;201;199
Nimnica;631;366;58;366;359
Puchov;14706;7717;52,47;7711;7675
Strezenice;795;436;54,84;436;434
Visolaje;766;417;54,43;417;416
Vydrna;268;128;47,76;128;127
Zariecie;587;319;54,34;319;318
Zubak;707;313;44,27;313;308
Bosany;3411;1692;49,6;1692;1674
Brodzany;729;438;60,08;438;438
Hradiste - Partizanske;829;477;57,53;477;475
Chynorany;2224;1237;55,62;1236;1223
Jeskova Ves;410;222;54,14;222;219
Klatova Nova Ves;1349;742;55;742;740
Kolacno;740;410;55,4;410;410
Krasno;449;270;60,13;270;270
Livina;93;55;59,13;55;55
Livinske Opatovce;218;114;52,29;114;114
Male Krstenany;441;229;51,92;229;227
Male Uherce;641;354;55,22;354;350
Nadlice;503;259;51,49;259;257
Nedanovce;506;308;60,86;308;307
Ostratice;663;316;47,66;316;315
Partizanske;18533;9099;49,09;9096;9053
Pazit;393;216;54,96;216;215
Skacany;1088;566;52,02;566;563
Turcianky;127;75;59,05;75;74
Velke Krstenany;485;226;46,59;226;224
Velke Uherce;1660;897;54,03;895;892
Velky Kliz;773;422;54,59;422;419
Zabokreky nad Nitrou;1383;759;54,88;759;756
Bojnice;4327;2820;65,17;2817;2809
Bystricany;1526;814;53,34;814;808
Cigel;1018;669;65,71;669;667
Cavoj;448;241;53,79;241;239
Cerenany;1432;742;51,81;742;739
Diviacka Nova Ves;1482;799;53,91;799;793
Diviaky nad Nitricou;1460;770;52,73;770;763
Dlzin;154;90;58,44;90;90
Dolne Vestenice;2215;1205;54,4;1205;1202
Handlova;13845;5807;41,94;5806;5785
Horna Ves - Prievidza;865;440;50,86;440;436
Horne Vestenice;528;305;57,76;305;300
Chrenovec - Brusno;1155;698;60,43;698;694
Chvojnica;210;77;36,66;77;75
Jalovec - Prievidza;482;277;57,46;277;276
Kamenec pod Vtacnikom;1505;921;61,19;921;914
Kanianka;3314;1993;60,13;1992;1976
Klacno;890;440;49,43;440;439
Kocurany;442;224;50,67;224;220
Kostolna Ves;409;224;54,76;224;224
Kos;847;496;58,55;496;493
Lazany - Prievidza;1407;811;57,64;811;799
Lehota pod Vtacnikom;3194;1962;61,42;1962;1948
Liestany;984;560;56,91;560;557
Lipnik;449;269;59,91;269;268
Mala Causa;579;326;56,3;326;326
Malinova;787;438;55,65;438;435
Nedozery - Brezany;1750;1014;57,94;1013;1002
Nevidzany - Prievidza;231;148;64,06;148;148
Nitrianske Pravno;2648;1386;52,34;1386;1375
Nitrianske Rudno;1598;926;57,94;924;919
Nitrianske Sucany;987;628;63,62;628;626
Nitrica;992;568;57,25;568;565
Novaky;3575;1949;54,51;1947;1935
Opatovce nad Nitrou;1332;767;57,58;756;752
Oslany;1918;1023;53,33;1023;1006
Podhradie - Prievidza;263;150;57,03;150;150
Poluvsie;461;322;69,84;322;318
Poruba;1102;669;60,7;667;667
Pravenec;1110;722;65,04;722;717
Prievidza;39185;20032;51,12;20030;19884
Radobica;466;276;59,22;276;275
Raztocno;1040;600;57,69;600;597
Rudnianska Lehota;652;358;54,9;358;356
Sebedrazie;1438;797;55,42;797;789
Sec;317;173;54,57;173;171
Sutovce;366;197;53,82;197;196
Temes;201;103;51,24;103;103
Tuzina;1022;527;51,56;527;527
Valaska Bela;1754;856;48,8;856;848
Velka Causa;400;230;57,5;230;228
Zemianske Kostolany;1460;790;54,1;790;782
Bohunice - Ilava;622;342;54,98;342;340
Bolesov;1229;670;54,51;670;668
Borcice;482;288;59,75;288;287
Cerveny Kamen;571;272;47,63;271;271
Dubnica nad Vahom;19539;9996;51,15;9992;9963
Dulov;747;443;59,3;442;434
Horna Poruba;884;476;53,84;476;476
Ilava;4650;2581;55,5;2580;2564
Kamenicany;451;266;58,98;266;265
Koseca;2213;1158;52,32;1158;1153
Kosecke Podhradie;859;498;57,97;498;496
Krivoklat;208;80;38,46;80;79
Ladce;2088;1062;50,86;1061;1050
Mikusovce - Ilava;812;422;51,97;422;419
Nova Dubnica;9433;5204;55,16;5200;5159
Pruske;1843;988;53,6;987;981
Sedmerovec;339;182;53,68;182;182
Slavnica;710;342;48,16;342;336
Tuchyna;645;382;59,22;382;380
Vrsatske Podhradie;190;102;53,68;102;101
Zliechov;472;232;49,15;232;231
Adamovske Kochanovce;657;424;64,53;424;423
Bobot;627;338;53,9;338;338
Dolna Poruba;663;282;42,53;282;276
Dolna Suca;2449;1241;50,67;1238;1228
Drietoma;1841;939;51;939;935
Dubodiel;819;489;59,7;489;487
Horna Suca;2714;1393;51,32;1393;1376
Hornany;350;199;56,85;199;197
Horne Srnie;2237;1280;57,21;1280;1267
Hrabovka;344;202;58,72;202;199
Chocholna - Velcice;1409;800;56,77;799;798
Ivanovce;798;463;58,02;463;459
Kostolna - Zariecie;577;359;62,21;359;358
Krivosud - Bodovka;279;174;62,36;174;174
Melcice - Lieskove;1317;806;61,19;806;801
Mnichova Lehota;1001;575;57,44;575;570
Motesice;645;381;59,06;381;379
Nemsova;5140;2967;57,72;2967;2955
Neporadza - Trencin;677;347;51,25;347;345
Omsenie;1563;819;52,39;819;817
Opatovce;341;197;57,77;197;197
Petrova Lehota;166;91;54,81;91;91
Selec;825;432;52,36;432;428
Skalka nad Vahom;932;548;58,79;548;542
Soblahov;1866;1042;55,84;1042;1031
Svinna;1281;694;54,17;694;683
Stvrtok;317;207;65,29;207;206
Trencianska Tepla;3398;1854;54,56;1854;1848
Trencianska Turna;2751;1703;61,9;1703;1684
Trencianske Jastrabie;1032;627;60,75;627;623
Trencianske Mitice;638;370;57,99;370;361
Trencianske Stankovce;2738;1590;58,07;1590;1574
Trencianske Teplice;3769;2223;58,98;2220;2212
Trencin;45663;25407;55,64;25399;25260
Velka Hradna;583;345;59,17;345;345
Velke Bierovce;550;352;64;352;349
Zamarovce;876;560;63,92;557;539
Bajc;1017;395;38,83;395;395
Batorove Kosihy;2754;560;20,33;560;552
Bodza;326;78;23,92;78;77
Bodzianske Luky;163;50;30,67;50;50
Brestovec;406;141;34,72;141;140
Buc;965;171;17,72;171;170
Calovec;939;267;28,43;267;267
Cicov;1068;221;20,69;221;219
Dedina Mladeze;371;128;34,5;128;127
Dulovce;1389;503;36,21;503;500
Holiare;392;78;19,89;78;75
Hurbanovo;6215;2310;37,16;2310;2296
Chotin;1172;334;28,49;334;329
Imel;1685;600;35,6;599;594
Iza;1408;369;26,2;369;368
Kamenicna;1616;378;23,39;378;375
Klizska Nema;391;88;22,5;88;86
Kolarovo;8765;1911;21,8;1910;1888
Komarno;28087;8809;31,36;8807;8746
Kravany nad Dunajom;612;161;26,3;161;160
Lipove;125;76;60,8;76;75
Marcelova;3166;595;18,79;595;589
Martovce;595;124;20,84;124;123
Moca;950;174;18,31;174;173
Modrany;1082;173;15,98;173;173
Mudronovo;93;51;54,83;51;51
Nesvady;4114;1122;27,27;1122;1114
Okolicna na Ostrove;1207;188;15,57;188;184
Patince;446;161;36,09;161;159
Pribeta;2385;675;28,3;675;665
Radvan nad Dunajom;587;156;26,57;156;152
Sokolce;1007;240;23,83;240;238
Svaty Peter;2263;715;31,59;715;710
Srobarova;421;200;47,5;200;199
Ton;642;180;28,03;180;177
Travnik;573;148;25,82;148;148
Velke Kosihy;817;247;30,23;247;245
Virt;246;81;32,92;81;80
Vrbova nad Vahom;448;105;23,43;105;104
Zemianska Olca;2029;365;17,98;365;362
Zlatna na Ostrove;2037;337;16,54;337;330
Bajka;253;69;27,27;69;69
Batovce;961;460;47,86;460;450
Besa - Levice;537;203;37,8;203;203
Bielovce;190;60;31,57;60;60
Bohunice;123;74;60,16;74;73
Bory;266;127;47,74;127;124
Brhlovce;262;132;50,38;132;132
Cajkov;796;482;60,55;482;481
Caka;629;266;42,28;266;265
Cata;905;235;25,96;235;232
Demandice;806;377;46,77;377;366
Devicany;348;203;58,33;203;202
Dolna Sec;410;185;45,12;185;184
Dolne Semerovce;417;93;22,3;93;93
Dolny Pial;793;351;44,26;351;350
Domadice;217;121;55,76;121;120
Drzenice;316;183;57,91;183;183
Farna;1147;314;27,37;314;309
Hokovce;438;186;42,46;186;185
Hontianska Vrbica;496;179;36,08;179;179
Hontianske Trstany;255;171;67,05;171;169
Horna Sec;468;308;65,81;308;304
Horne Semerovce;498;195;39,15;195;195
Horne Turovce;480;192;40;192;191
Horny Pial;230;107;46,52;107;107
Hrkovce;263;104;39,54;104;103
Hronovce;1199;434;36,19;434;433
Hronske Klacany;1168;712;60,95;712;710
Hronske Kosihy;573;287;50,08;287;286
Ina;197;109;55,32;109;107
Ipelske Ulany;242;72;29,75;72;72
Ipelsky Sokolec;698;173;24,78;173;170
Jablonovce;189;97;51,32;97;96
Jesenske - Levice;38;25;65,78;25;25
Jur nad Hronom;809;406;50,18;406;405
Kalna nad Hronom;1730;783;45,26;783;779
Ket;498;201;40,36;201;200
Kozarovce;1620;907;55,98;907;901
Krskany;648;337;52;337;333
Kubanovo;229;67;29,25;67;67
Kukucinov;492;165;33,53;165;164
Kuralany;432;210;48,61;210;209
Levice;27319;13565;49,65;13563;13512
Lok;814;302;37,1;302;300
Lontov;518;109;21,04;109;108
Lula;151;63;41,72;63;63
Malas;420;138;32,85;138;138
Male Kozmalovce;332;147;44,27;147;143
Male Ludince;139;41;29,49;41;40
Mytne Ludany;772;264;34,19;264;264
Nova Dedina;1255;709;56,49;709;707
Novy Tekov;707;380;53,74;380;380
Nyrovce;462;155;33,54;155;153
Ondrejovce;360;164;45,55;164;163
Pastovce;430;101;23,48;101;100
Pecenice;121;84;69,42;84;84
Plastovce;1324;465;35,12;465;456
Plave Vozokany;610;208;34,09;208;208
Podluzany;653;370;56,66;370;366
Pohronsky Ruskov;1033;351;33,97;351;348
Pukanec;1571;774;49,26;774;769
Rybnik - Levice;1175;704;59,91;704;697
Santovka;576;288;50;288;287
Sazdice;362;101;27,9;101;100
Sikenica;521;119;22,84;119;119
Slatina;244;66;27,04;66;65
Stary Hradok;155;69;44,51;69;69
Stary Tekov;1230;776;63,08;776;768
Sahy;6125;1877;30,64;1877;1864
Salov;266;47;17,66;47;47
Sarovce;1263;308;24,38;308;305
Tehla;402;160;39,8;160;158
Tekovske Luzany;2339;777;33,21;777;769
Tekovsky Hradok;286;95;33,21;95;95
Tlmace;3136;1592;50,76;1592;1581
Tupa;474;210;44,3;210;210
Tura;188;96;51,06;96;96
Uhliska;183;70;38,25;70;70
Velke Kozmalovce;583;366;62,77;366;366
Velke Ludince;1281;388;30,28;388;387
Velke Turovce;623;243;39;243;243
Velky Dur;1065;495;46,47;495;492
Vyskovce nad Iplom;555;187;33,69;187;187
Vysne nad Hronom;147;69;46,93;69;69
Zalaba;128;72;56,25;72;70
Zbrojniky;446;180;40,35;180;180
Zeliezovce;5804;2303;39,67;2302;2290
Zemberovce;1034;534;51,64;534;532
Zemliare;139;62;44,6;62;60
Aleksince;1431;595;41,57;595;593
Bab;939;474;50,47;474;473
Babindol;567;266;46,91;266;265
Badice;317;172;54,25;172;170
Branc;1861;926;49,75;926;922
Cabaj - Capor;3379;1587;46,96;1587;1579
Cab;643;334;51,94;334;333
Cakajovce;951;468;49,21;468;467
Cechynce;1006;501;49,8;501;499
Celadice;837;370;44,2;370;367
Cifare;481;213;44,28;213;213
Dolne Lefantovce;539;297;55,1;297;297
Dolne Obdokovce;953;382;40,08;382;381
Golianovo;1392;810;58,18;810;807
Horne Lefantovce;762;428;56,16;428;426
Hostova;327;165;50,45;165;165
Hrubonovo;432;222;51,38;222;222
Ivanka pri Nitre;2295;1186;51,67;1186;1176
Jarok;1686;898;53,26;898;891
Jelenec;1716;763;44,46;763;756
Jelsovce;840;385;45,83;385;383
Kapince;165;90;54,54;90;90
Klasov;1027;467;45,47;467;466
Kolinany;1288;588;45,65;588;581
Lehota;1912;1043;54,55;1043;1042
Lucnica nad Zitavou;800;435;54,37;435;429
Ludovitova;213;130;61,03;130;129
Lukacovce - Nitra;964;458;47,51;458;456
Luzianky;2440;1139;46,68;1138;1132
Male Chyndice;323;156;48,29;156;155
Male Zaluzie;232;141;60,77;141;140
Maly Cetin;341;197;57,77;197;196
Maly Lapas;739;456;61,7;456;454
Melek;413;216;52,3;216;213
Mojmirovce;2360;1076;45,59;1076;1073
Nitra;66045;35060;53,08;35049;34890
Nitrianske Hrnciarovce;1753;952;54,3;952;950
Nova Ves nad Zitavou;1101;571;51,86;571;570
Nove Sady;1096;624;56,93;624;623
Pana;309;144;46,6;144;144
Podhorany - Nitra;913;473;51,8;473;470
Pohranice;924;494;53,46;494;491
Polny Kesov;556;250;44,96;250;250
Risnovce;1703;883;51,84;883;881
Rumanova;688;348;50,58;348;345
Svatoplukovo;1101;534;48,5;534;532
Stefanovicova;259;119;45,94;119;118
Stitare;737;436;59,15;436;435
Surianky;490;310;63,26;310;308
Tajna;240;142;59,16;142;140
Telince;312;112;35,89;112;112
Velka Dolina;567;303;53,43;303;302
Velke Chyndice;281;168;59,78;168;167
Velke Zaluzie;3511;1844;52,52;1843;1829
Velky Cetin;1391;563;40,47;563;559
Velky Lapas;1346;768;57,05;768;766
Vinodol;1579;653;41,35;653;646
Vrable;7277;3618;49,71;3618;3597
Vycapy - Opatovce;1808;975;53,92;975;970
Zbehy;1821;942;51,72;942;941
Zirany;1134;531;46,82;531;528
Zitavce;351;164;46,72;164;164
Beladice;1321;645;48,82;645;639
Caradice;410;233;56,82;233;231
Cerveny Hradok;344;182;52,9;182;182
Cierne Klacany;951;532;55,94;532;531
Hostie;1029;583;56,65;583;579
Hostovce - Zlate Moravce;601;322;53,57;322;321
Choca;429;207;48,25;207;205
Jedlove Kostolany;777;372;47,87;370;367
Kostolany pod Tribecom;303;184;60,72;184;183
Ladice;662;283;42,74;283;281
Lovce;588;327;55,61;327;325
Machulince;907;514;56,67;514;513
Male Vozokany;266;154;57,89;154;152
Mankovce;450;254;56,44;254;254
Martin nad Zitavou;440;229;52,04;229;229
Nemcinany;563;287;50,97;287;286
Neverice;563;306;54,35;306;302
Nevidzany;494;298;60,32;298;297
Obyce;1263;592;46,87;591;589
Skycov;812;434;53,44;434;428
Slazany;1419;751;52,92;751;747
Slepcany;685;353;51,53;353;348
Tekovske Nemce;889;385;43,3;385;384
Tesarske Mlynany;1384;665;48,04;665;656
Topolcianky;2291;1324;57,79;1324;1317
Velcice;701;418;59,62;418;418
Velke Vozokany;377;236;62,59;236;236
Vieska nad Zitavou;375;216;57,6;215;211
Volkovce;859;424;49,35;424;422
Zlate Moravce;10144;5046;49,74;5046;5027
Zlatno - Zlate Moravce;196;88;44,89;88;87
Zikava;419;248;59,18;248;245
Zitavany;1624;863;53,14;863;851
Andovce;1262;553;43,81;553;551
Bajtava;312;99;31,73;99;99
Banov;3106;1584;50,99;1584;1579
Bardonovo;647;268;41,42;268;264
Bela - Nove Zamky;314;107;34,07;107;105
Besenov;1366;442;32,35;442;437
Bina;1199;281;23,43;281;274
Branovo;488;268;54,91;268;267
Bruty;489;149;30,47;149;148
Cechy;257;133;51,75;133;133
Cernik;844;448;53,08;448;445
Dedinka;567;269;47,44;269;268
Dolny Ohaj;1314;681;51,82;681;679
Dubnik;1330;458;34,43;458;454
Dvory nad Zitavou;4146;1343;32,39;1343;1336
Gbelce;1792;501;27,95;501;495
Hul;1035;497;48,01;497;495
Chlaba;584;106;18,15;106;106
Jasova;964;494;51,24;494;492
Jatov;619;337;54,44;337;333
Kamenica nad Hronom;1089;276;25,34;276;274
Kamenin;1242;275;22,14;275;274
Kamenny Most;876;250;28,53;250;248
Kmetovo;732;427;58,33;427;426
Kolta;1102;520;47,18;520;519
Komjatice;3447;1532;44,44;1532;1524
Komoca;820;279;34,02;279;276
Lela;269;81;30,11;81;74
Lipova - Nove Zamky;1307;641;49,04;641;640
Luba;372;104;27,95;104;104
Mala nad Hronom;335;89;26,56;89;88
Male Kosihy;294;84;28,57;84;84
Mana;1706;777;45,54;777;772
Michal nad Zitavou;555;313;56,39;313;312
Mojzesovo;1105;544;49,23;544;543
Muzla;1604;414;25,81;413;409
Nana;996;304;30,52;304;303
Nova Vieska;598;205;34,28;205;204
Nove Zamky;32168;14521;45,14;14518;14452
Obid;931;237;25,45;237;235
Palarikovo;3502;1476;42,14;1476;1462
Pavlova;195;66;33,84;66;66
Podhajska;1040;538;51,73;538;534
Pozba;393;217;55,21;217;217
Radava;660;377;57,12;373;373
Rastislavice;792;406;51,26;406;406
Ruban;752;204;27,12;204;202
Salka;874;192;21,96;192;191
Semerovo;1083;480;44,32;480;476
Sikenicka;386;112;29,01;112;111
Strekov;1649;396;24,01;395;393
Svodin;2045;548;26,79;548;547
Sarkan;295;73;24,74;73;73
Sturovo;8557;2804;32,76;2804;2786
Surany;8192;3894;47,53;3894;3878
Travnica;935;451;48,23;451;449
Tvrdosovce;4313;1454;33,71;1454;1439
Ulany nad Zitavou;1295;718;55,44;718;715
Velke Lovce;1557;709;45,53;709;707
Velky Kyr;2527;1067;42,22;1067;1058
Vlkas;270;159;58,88;159;156
Zemne;1767;436;24,67;436;435
Diakovce;1948;766;39,32;766;760
Dlha nad Vahom;764;414;54,18;414;413
Hajske;1072;534;49,81;534;533
Horna Kralova;1565;714;45,62;714;712
Kralova nad Vahom;1503;715;47,57;715;710
Mocenok;3622;1645;45,41;1642;1636
Neded;2650;645;24,33;645;645
Selice;2270;440;19,38;440;436
Sala;17983;8715;48,46;8712;8655
Tesedikovo;3107;999;32,15;999;995
Trnovec nad Vahom;2250;932;41,42;931;927
Vlcany;2711;719;26,52;719;717
Ziharec;1411;386;27,35;386;385
Ardanovce;178;78;43,82;78;77
Belince;278;148;53,23;148;143
Biskupova;191;100;52,35;100;100
Blesovce;296;151;51,01;151;151
Bojna;1715;796;46,41;795;792
Celadince;386;212;54,92;212;210
Cermany;339;181;53,39;181;181
Dvorany nad Nitrou;644;286;44,4;286;284
Hajna Nova Ves;274;118;43,06;118;118
Horne Chlebany;300;168;56;168;167
Horne Obdokovce;1314;603;45,89;603;599
Horne Stitare;465;228;49,03;228;224
Hrusovany;906;484;53,42;484;478
Chrabrany;668;366;54,79;366;364
Jacovce;1532;780;50,91;780;772
Kamanova;513;247;48,14;247;246
Koniarovce;542;290;53,5;290;289
Kovarce;1221;576;47,17;576;569
Krnca;1121;566;50,49;565;562
Krtovce;247;152;61,53;152;152
Krusovce;1475;763;51,72;763;761
Kuzmice - Topolcany;577;314;54,41;314;312
Lipovnik - Topolcany;275;156;56,72;156;155
Ludanice;1509;724;47,97;723;718
Luzany;193;126;65,28;126;126
Male Ripnany;443;238;53,72;238;238
Nemcice;832;463;55,64;463;461
Nemecky;274;167;60,94;167;165
Nitrianska Blatnica;1028;551;53,59;551;547
Nitrianska Streda;636;371;58,33;371;368
Norovce;282;144;51,06;144;142
Oponice;707;338;47,8;338;337
Oresany;273;139;50,91;139;138
Podhradie - Topolcany;248;140;56,45;140;139
Prasice;1750;901;51,48;901;898
Praznovce;772;371;48,05;371;370
Preselany;1237;584;47,21;584;575
Radosina;1643;864;52,58;864;860
Rajcany;443;231;52,14;231;231
Solcany;2072;1157;55,83;1157;1146
Solcianky;237;113;47,67;113;113
Sulovce;447;224;50,11;224;223
Svrbice;159;90;56,6;90;89
Salgovce;423;189;44,68;189;184
Tesare;627;355;56,61;355;351
Topolcany;21734;10523;48,41;10522;10482
Tovarniky;1272;698;54,87;698;695
Tvrdomestice;391;165;42,19;165;165
Urmince;1186;606;51,09;606;603
Velke Dvorany;598;324;54,18;324;322
Velke Ripnany;1718;811;47,2;811;808
Velusovce;423;239;56,5;239;238
Vozokany;284;147;51,76;147;146
Zavada - Topolcany;525;232;44,19;232;231
Cadca;19568;8746;44,69;8744;8688
Cierne;3527;1696;48,08;1696;1682
Dlha nad Kysucou;504;218;43,25;218;218
Dunajov;922;492;53,36;492;491
Klokocov - Cadca;1952;652;33,4;652;651
Klubina;426;241;56,57;241;241
Korna;1655;708;42,77;708;702
Krasno nad Kysucou;5390;2673;49,59;2672;2658
Makov;1515;808;53,33;808;806
Nova Bystrica;2175;1014;46,62;1014;1009
Olesna;1612;722;44,78;722;718
Oscadnica;4666;2153;46,14;2152;2130
Podvysoka;1064;527;49,53;527;526
Radostka;684;285;41,66;285;284
Rakova;4453;2163;48,57;2163;2157
Skalite;4134;2005;48,5;2004;1986
Stara Bystrica;2207;1108;50,2;1108;1100
Staskov;2245;1114;49,62;1114;1109
Svrcinovec;2758;1204;43,65;1204;1190
Turzovka;6160;2817;45,73;2817;2792
Vysoka nad Kysucou;2169;1056;48,68;1056;1050
Zakopcie;1400;640;45,71;640;635
Zborov nad Bystricou;1801;936;51,97;936;933
Bziny;457;273;59,73;273;269
Dlha nad Oravou;1153;608;52,73;608;607
Dolny Kubin;14861;8197;55,15;8193;8158
Horna Lehota - Dolny Kubin;434;242;55,76;242;242
Chlebnice;1254;653;52,07;653;647
Istebne;1173;659;56,18;658;654
Jasenova;352;225;63,92;225;224
Kralovany;350;232;66,28;232;230
Kriva;627;415;66,18;415;413
Lestiny;212;139;65,56;139;136
Malatina;639;306;47,88;306;303
Medzibrodie nad Oravou;408;243;59,55;243;241
Oravska Poruba;846;502;59,33;502;500
Oravsky Podzamok;1113;657;59,02;655;650
Osadka;134;78;58,2;78;77
Parnica;740;420;56,75;420;414
Pokryvac;139;65;46,76;65;65
Pribis;367;195;53,13;194;193
Pucov;638;377;59,09;377;374
Sedliacka Dubova;425;246;57,88;246;243
Velicna;988;607;61,43;607;607
Vysny Kubin;586;386;65,87;386;383
Zazriva;2177;1122;51,53;1122;1114
Zaskov;1327;711;53,57;711;708
Benadikova;414;199;48,06;199;192
Bobrovcek;161;89;55,27;89;89
Bobrovec;1592;933;58,6;933;928
Bobrovnik;108;61;56,48;61;61
Bukovina;91;54;59,34;54;53
Demanovska Dolina;643;537;83,51;537;534
Dubrava - Liptovsky Mikulas;1088;596;54,77;596;596
Galovany;240;142;59,16;142;140
Gotovany;373;187;50,13;187;185
Huty;152;83;54,6;83;82
Hybe;1242;687;55,31;687;682
Izipovce;71;42;59,15;42;42
Jakubovany - Liptovsky Mikulas;335;197;58,8;197;197
Jalovec;263;166;63,11;166;165
Jamnik - Liptovsky Mikulas;377;193;51,19;193;191
Konska - Liptovsky Mikulas;190;99;52,1;99;99
Kralova Lehota;499;302;60,52;302;301
Kvacany - Liptovsky Mikulas;440;263;59,77;263;261
Lazisko;339;210;61,94;210;209
Liptovska Anna;83;42;50,6;42;42
Liptovska Kokava;803;419;52,17;419;416
Liptovska Porubka;1018;413;40,56;413;411
Liptovska Sielnica;506;312;61,66;312;312
Liptovske Beharovce;68;42;61,76;42;41
Liptovske Klacany;301;171;56,81;171;170
Liptovske Matiasovce;254;155;61,02;155;155
Liptovsky Hradok;6206;3429;55,25;3428;3401
Liptovsky Jan;996;656;65,86;656;650
Liptovsky Mikulas;26110;13737;52,61;13736;13663
Liptovsky Ondrej;505;278;55,04;278;277
Liptovsky Peter;1100;610;55,45;610;608
Liptovsky Trnovec;516;302;58,52;302;300
Lubela;956;531;55,54;530;520
Malatiny;185;103;55,67;103;103
Male Borove;112;42;37,5;42;40
Maluzina;198;108;54,54;108;107
Nizna Boca;144;101;70,13;101;100
Partizanska Lupca;1077;558;51,81;558;552
Pavcina Lehota;352;247;70,17;247;247
Pavlova Ves;225;107;47,55;107;107
Podturen;871;530;60,84;530;520
Pribylina;1154;562;48,7;562;559
Prosiek;174;117;67,24;117;114
Smrecany;570;334;58,59;334;331
Svaty Kriz;707;403;57;403;403
Trstene;197;113;57,36;113;113
Uhorska Ves;409;276;67,48;276;274
Vavrisovo;548;307;56,02;307;305
Vazec;1939;711;36,66;711;708
Velke Borove;54;32;59,25;32;32
Veterna Poruba;314;184;58,59;184;182
Vlachy;518;291;56,17;291;288
Vychodna;1787;745;41,68;745;740
Vysna Boca;142;105;73,94;105;104
Zavazna Poruba;1040;659;63,36;659;654
Ziar - Liptovsky Mikulas;415;295;71,08;295;292
Bela - Dulice;1016;574;56,49;574;569
Benice;280;167;59,64;167;166
Blatnica;804;482;59,95;482;476
Bystricka;1246;776;62,27;776;775
Danova;453;254;56,07;254;254
Diakova;326;231;70,85;231;231
Dolny Kalnik;178;132;74,15;132;132
Drazkovce;772;515;66,7;515;510
Folkusova;124;66;53,22;66;64
Horny Kalnik;143;111;77,62;111;111
Karlova;95;62;65,26;62;61
Klastor pod Znievom;1408;778;55,25;778;776
Kostany nad Turcom;1053;664;63,05;664;658
Krpelany;932;535;57,4;535;528
Laskar;93;56;60,21;56;56
Leziachov;128;72;56,25;72;72
Lipovec - Martin;745;466;62,55;465;464
Martin;44407;23740;53,46;23738;23608
Necpaly;800;479;59,87;479;473
Nolcovo;212;109;51,41;109;108
Podhradie;560;334;59,64;334;334
Pribovce;879;523;59,49;523;522
Rakovo;299;180;60,2;180;180
Ratkovo;158;73;46,2;73;73
Sklabina - Martin;541;338;62,47;338;337
Sklabinsky Podzamok;155;100;64,51;100;100
Slovany;361;205;56,78;205;202
Socovce;195;117;60;117;116
Sucany;3936;2023;51,39;2023;2007
Sutovo;419;251;59,9;251;250
Trebostovo;485;284;58,55;284;282
Trnovo;225;128;56,88;128;127
Turany;3582;1903;53,12;1901;1895
Turcianska Stiavnicka;732;373;50,95;373;367
Turcianske Jaseno;336;203;60,41;203;202
Turcianske Klacany;794;504;63,47;504;501
Turciansky Dur;152;62;40,78;62;62
Turciansky Peter;375;242;64,53;242;242
Valca;1427;807;56,55;807;805
Vricko;443;292;65,91;292;292
Vrutky;6152;3332;54,16;3332;3301
Zaborie;134;74;55,22;74;74
Zabokreky;1033;658;63,69;658;652
Abramova;145;69;47,58;69;68
Blazovce;144;90;62,5;90;90
Bodorova;175;98;56;98;98
Borcova;131;77;58,77;77;77
Briestie;125;54;43,2;54;54
Budis;182;92;50,54;92;92
Cremosne;88;53;60,22;53;53
Dubove - Turcianske Teplice;597;347;58,12;347;343
Haj - Turcianske Teplice;387;230;59,43;230;229
Horna Stubna;1286;529;41,13;529;526
Ivancina;76;39;51,31;39;39
Jasenovo;121;76;62,8;76;75
Jazernica;280;165;58,92;165;162
Kalamenova;70;39;55,71;39;39
Liesno;52;19;36,53;19;19
Maly Cepcin;458;293;63,97;293;292
Moskovec;56;47;83,92;47;47
Mosovce;1145;671;58,6;671;665
Ondrasova;74;48;64,86;48;48
Raksa;193;118;61,13;118;117
Rudno;170;97;57,05;97;96
Sklene;605;279;46,11;279;274
Slovenske Pravno;769;429;55,78;429;428
Turcek;512;252;49,21;252;251
Turcianske Teplice;5583;3064;54,88;3064;3049
Velky Cepcin;195;100;51,28;100;100
Babin;1089;482;44,26;482;475
Benadovo;580;421;72,58;421;418
Bobrov;1342;765;57;765;760
Breza;1202;504;41,93;504;501
Hrustin;2500;1276;51,04;1275;1269
Klin;1715;933;54,4;933;929
Krusetnica;740;423;57,16;422;421
Lokca;1778;922;51,85;922;917
Lomna;654;316;48,31;316;315
Mutne;2126;1339;62,98;1339;1335
Namestovo;6078;3313;54,5;3313;3293
Novot;2606;1528;58,63;1528;1522
Oravska Jasenica;1425;770;54,03;770;761
Oravska Lesna;2586;1522;58,85;1522;1511
Oravska Polhora;2820;1295;45,92;1295;1287
Oravske Vesele;2189;1214;55,45;1214;1203
Rabca;3566;1560;43,74;1558;1543
Rabcice;1499;790;52,7;789;781
Sihelne;1523;553;36,3;553;551
Tapesovo;546;327;59,89;327;323
Vasilov;621;297;47,82;297;294
Vavrecka;1174;649;55,28;649;645
Zakamenne;3946;2105;53,34;2105;2098
Zubrohlava;1700;824;48,47;822;815
Brezovica - Tvrdosin;1057;610;57,71;610;601
Cimhova;522;312;59,77;312;310
Habovka;1103;673;61,01;673;665
Hladovka;757;421;55,61;421;417
Liesek;2108;1227;58,2;1226;1224
Nizna;3241;1966;60,66;1966;1950
Oravsky Biely Potok;541;332;61,36;332;326
Podbiel;1020;610;59,8;610;610
Sucha Hora;1046;570;54,49;570;567
Stefanov nad Oravou;516;331;64,14;331;329
Trstena;5733;3215;56,07;3214;3180
Tvrdosin;7160;4010;56;4006;3982
Vitanova;1040;581;55,86;581;573
Zabiedovo;643;287;44,63;287;287
Zuberec;1778;1186;66,7;1186;1174
Besenova;479;308;64,3;308;307
Hubova;838;517;61,69;517;514
Ivachnova;511;307;60,07;307;305
Kalameny;375;228;60,8;228;225
Komjatna;1204;674;55,98;674;669
Likavka;2415;1417;58,67;1417;1400
Liptovska Luzna;2284;1143;50,04;1143;1136
Liptovska Osada;1377;726;52,72;724;720
Liptovska Stiavnica;945;517;54,7;517;510
Liptovska Tepla;835;532;63,71;532;529
Liptovske Revuce;1337;713;53,32;713;711
Liptovske Sliace;3054;1744;57,1;1744;1736
Liptovsky Michal;247;149;60,32;149;148
Liskova;1770;1035;58,47;1035;1028
Lubochna;854;479;56,08;479;477
Lucky - Ruzomberok;1453;863;59,39;863;857
Ludrova;816;475;58,21;473;469
Martincek;361;218;60,38;218;218
Potok - Ruzomberok;81;57;70,37;57;54
Ruzomberok;23100;12204;52,83;12188;12114
Stankovany;980;554;56,53;554;545
Stiavnicka;629;395;62,79;395;390
Svosov;665;378;56,84;378;373
Turik;226;134;59,29;134;134
Valaska Dubova;615;378;61,46;378;375
Bytca;9241;4796;51,89;4796;4770
Hlboke nad Vahom;789;368;46,64;368;364
Hvozdnica;927;433;46,7;433;432
Jablonove;740;361;48,78;361;361
Kolarovice;1491;669;44,86;669;663
Kotesova;1645;845;51,36;843;836
Marsova - Rasov;740;438;59,18;438;434
Petrovice;1296;630;48,61;630;623
Predmier;1100;672;61,09;672;671
Sulov - Hradna;804;475;59,07;475;470
Stiavnik;3241;1449;44,7;1449;1439
Velke Rovne;3052;1493;48,91;1493;1486
Dolny Vadicov;392;235;59,94;235;233
Horny Vadicov;1304;687;52,68;687;685
Kysucke Nove Mesto;12331;6666;54,05;6661;6610
Kysucky Lieskovec;1926;1042;54,1;1040;1035
Lodno;788;364;46,19;364;363
Lopusne Pazite;379;191;50,39;191;189
Neslusa;2538;1295;51,02;1295;1283
Ochodnica;1588;804;50,62;804;804
Povina;942;502;53,29;502;496
Radola;1226;736;60,03;736;731
Rudina;1414;739;52,26;739;738
Rudinka;315;176;55,87;176;174
Rudinska;792;363;45,83;363;362
Sneznica;805;488;60,62;488;480
Bela;2725;1279;46,93;1279;1273
Bitarova;612;359;58,66;359;357
Brezany - Zilina;481;289;60,08;289;287
Cicmany;193;134;69,43;134;134
Divina;1995;984;49,32;984;979
Divinka;796;432;54,27;432;424
Dlhe Pole;1645;878;53,37;878;875
Dolna Tizina;1077;562;52,18;562;558
Dolny Hricov;1298;710;54,69;710;709
Durcina;891;461;51,73;461;461
Fackov;558;290;51,97;290;290
Gbelany;1129;677;59,96;676;673
Horny Hricov;676;396;58,57;395;392
Horky;653;375;57,42;375;372
Hricovske Podhradie;301;148;49,16;148;147
Jasenove;502;278;55,37;278;276
Kamenna Poruba - Zilina;1456;892;61,26;892;888
Klace;336;206;61,3;206;202
Konska;1272;784;61,63;784;781
Kotrcina Lucka;429;258;60,13;258;255
Krasnany;1138;593;52,1;593;591
Kunerad;829;512;61,76;512;508
Lietava;1221;672;55,03;672;671
Lietavska Lucka;1544;899;58,22;899;889
Lietavska Svinna - Babkov;1403;701;49,96;701;696
Lutise;638;347;54,38;347;345
Lysica;693;417;60,17;417;406
Mala Cierna;273;141;51,64;141;141
Mojs;915;602;65,79;602;599
Nededza;837;492;58,78;492;491
Nezbudska Lucka;335;171;51,04;171;169
Ovciarsko;485;274;56,49;274;274
Pastina Zavada;189;105;55,55;105;105
Podhorie - Zilina;697;391;56,09;391;390
Porubka - Zilina;419;244;58,23;244;244
Rajec;4902;2670;54,46;2670;2666
Rajecka Lesna;1017;474;46,6;474;472
Rajecke Teplice;2426;1601;65,99;1600;1588
Rosina;2667;1641;61,52;1641;1635
Stranavy;1545;945;61,16;945;941
Stranske;685;428;62,48;428;425
Straza;539;255;47,3;255;254
Strecno;2154;1211;56,22;1211;1207
Svedernik;1120;622;55,53;619;616
Suja;275;158;57,45;158;158
Teplicka nad Vahom;3377;1975;58,48;1975;1964
Terchova;3517;1520;43,21;1520;1515
Turie;1659;961;57,92;961;955
Varin;3008;1721;57,21;1721;1703
Velka Cierna;277;164;59,2;164;163
Visnove - Zilina;2341;1293;55,23;1291;1283
Zbynov;706;411;58,21;411;404
Zilina;68389;37917;55,44;37910;37736
Badin;1618;952;58,83;952;948
Balaze;186;119;63,97;119;118
Banska Bystrica;64285;35232;54,8;35215;35044
Brusno;1836;1021;55,61;1021;1008
Cerin;376;238;63,29;238;238
Dolna Micina;332;176;53,01;176;176
Dolny Harmanec;216;123;56,94;123;121
Donovaly;439;365;83,14;365;365
Dubravica;327;155;47,4;155;155
Harmanec;728;315;43,26;315;313
Hiadel;418;202;48,32;202;201
Horna Micina;508;334;65,74;334;332
Horne Prsany;331;185;55,89;185;184
Hrochot;1171;477;40,73;476;472
Hronsek;534;322;60,29;322;321
Kordiky;356;267;75;267;266
Kraliky;565;362;64,07;362;359
Kyncelova;336;214;63,69;214;212
Lubietova;950;549;57,78;549;548
Lucatin;561;309;55,08;309;307
Malachov;927;546;58,89;546;545
Medzibrod;1148;649;56,53;649;646
Mostenica;215;131;60,93;131;127
Motycky;98;68;69,38;68;67
Molca;313;118;37,69;118;116
Nemce;973;551;56,62;551;548
Oravce;151;86;56,95;86;85
Podkonice;762;451;59,18;451;447
Pohronsky Bukovec;94;61;64,89;61;61
Poniky;1257;661;52,58;661;660
Povraznik;127;83;65,35;83;81
Priechod;825;449;54,42;449;447
Riecka - Banska Bystrica;636;379;59,59;379;376
Sebedin - Becov;294;173;58,84;173;170
Selce - Banska Bystrica;1781;1031;57,88;1031;1023
Slovenska Lupca;2706;1436;53,06;1436;1426
Stare Hory;490;267;54,48;266;266
Strelniky;646;362;56,03;362;361
Spania Dolina;221;148;66,96;148;147
Tajov;534;339;63,48;339;339
Turecka;147;106;72,1;106;106
Vlkanova;1074;543;50,55;543;539
Bacuch;796;318;39,94;318;318
Benus;968;480;49,58;480;477
Bravacovo;569;275;48,33;275;274
Brezno;16750;7666;45,76;7663;7618
Bystra - Brezno;461;400;86,76;400;396
Cierny Balog;4005;1788;44,64;1788;1775
Dolna Lehota;642;318;49,53;318;318
Drabsko;148;60;40,54;60;60
Helpa;2182;1089;49,9;1089;1083
Horna Lehota;485;257;52,98;257;257
Hronec;992;452;45,56;452;448
Jaraba;38;25;65,78;25;25
Jasenie;936;458;48,93;458;455
Lom nad Rimavicou;224;122;54,46;122;120
Michalova;1111;543;48,87;543;539
Myto pod Dumbierom;500;343;68,6;343;343
Nemecka;1462;712;48,7;712;705
Osrblie;313;185;59,1;185;183
Podbrezova;3205;1423;44,39;1423;1399
Pohorela;1892;815;43,07;813;803
Pohronska Polhora;1339;571;42,64;571;561
Polomka;2364;957;40,48;957;950
Predajna;1114;583;52,33;583;579
Raztoka;243;128;52,67;128;128
Sihla;168;96;57,14;96;95
Sumiac;999;358;35,83;358;353
Telgart;1039;332;31,95;332;331
Valaska;2938;1445;49,18;1443;1434
Valkovna;273;57;20,87;57;55
Zavadka nad Hronom;1785;687;38,48;687;682
Abelova;167;76;45,5;76;76
Belina;510;85;16,66;85;85
Biskupice;911;250;27,44;250;243
Bolkovce;526;238;45,24;238;237
Budina;186;92;49,46;92;92
Bulhary;222;61;27,47;61;59
Buzitka;409;195;47,67;195;195
Cakanovce - Lucenec;810;147;18,14;147;143
Camovce;436;95;21,78;95;94
Divin;1649;726;44,02;726;723
Dobroc;519;282;54,33;282;280
Filakovo;7895;1877;23,77;1877;1870
Filakovske Kovace;700;203;29;203;201
Gregorova Vieska;108;57;52,77;57;56
Halic;1335;643;48,16;643;637
Holisa;492;143;29,06;143;141
Jelsovec;238;61;25,63;61;61
Kalonda;167;54;32,33;54;54
Kotmanova;246;111;45,12;111;111
Lehotka;290;112;38,62;112;112
Lentvora;64;18;28,12;18;18
Lipovany;210;83;39,52;83;82
Lovinobana;1587;619;39;619;617
Luborec;275;112;40,72;112;110
Lucenec;21844;8906;40,77;8905;8826
Lupoc;175;73;41,71;73;72
Maskova;258;88;34,1;88;88
Mikusovce;233;115;49,35;115;112
Mucin;582;142;24,39;139;139
Mytna;1006;474;47,11;474;471
Nitra nad Iplom;267;49;18,35;49;48
Nove Hony;146;53;36,3;53;51
Panicke Dravce;606;243;40,09;243;240
Pila - Lucenec;195;118;60,51;118;117
Pincina;185;94;50,81;94;93
Ples;142;59;41,54;59;59
Podrecany;470;202;42,97;202;197
Polichno;111;35;31,53;35;35
Praha;70;28;40;28;28
Prsa;172;56;32,55;56;56
Radzovce;1314;364;27,7;364;362
Rapovce;768;237;30,85;237;234
Ratka;252;129;51,19;129;129
Ruzina;677;234;34,56;234;234
Stara Halic;506;273;53,95;273;271
Savol;441;99;22,44;99;98
Siatorska Bukovinka;258;118;45,73;118;115
Sid;931;171;18,36;171;171
Surice;413;84;20,33;84;83
Tocnica;296;143;48,31;143;142
Tomasovce - Lucenec;1145;624;54,49;624;623
Trebelovce;719;340;47,28;340;334
Trenc;364;62;17,03;62;62
Tuhar;291;134;46,04;134;133
Velka nad Iplom;718;201;27,99;201;201
Velke Dravce;532;187;35,15;187;187
Vidina;1492;846;56,7;846;843
Breznicka - Poltar;616;310;50,32;310;310
Cinobana;1801;707;39,25;705;701
Ceske Brezovo;393;202;51,39;202;201
Dubakovo;82;44;53,65;44;44
Hradiste;213;110;51,64;110;110
Hrnciarska Ves;741;266;35,89;266;261
Hrnciarske Zaluzany;708;329;46,46;329;327
Kalinovo;1860;879;47,25;879;876
Kokava nad Rimavicou;2280;1097;48,11;1097;1083
Krna;52;37;71,15;37;37
Malinec;1143;471;41,2;471;465
Mladzovo;95;63;66,31;63;63
Ozdin;251;143;56,97;143;141
Poltar;4511;2000;44,33;2000;1989
Rovnany;201;94;46,76;94;94
Selce - Poltar;82;31;37,8;31;31
Susany;353;195;55,24;195;194
Soltyska;92;47;51,08;47;46
Uhorske;423;221;52,24;220;220
Utekac;789;361;45,75;361;359
Velka Ves;346;196;56,64;196;192
Zlatno;376;157;41,75;157;155
Drzkovce;441;133;30,15;133;133
Gemer;694;216;31,12;216;211
Gemerska Ves;704;137;19,46;137;134
Gemerske Teplice;286;126;44,05;126;126
Gemersky Sad;242;97;40,08;97;97
Hrlica;53;30;56,6;30;30
Hucin;674;89;13,2;89;88
Chvalova;125;37;29,6;37;37
Chyzne;336;144;42,85;144;144
Jelsava;2285;508;22,23;508;501
Kamenany;578;169;29,23;169;158
Levare;79;20;25,31;20;20
Levkuska;183;48;26,22;48;48
Licince;506;144;28,45;144;142
Lubenik;1018;324;31,82;324;321
Magnezitovce;355;150;42,25;150;149
Mokra Luka;452;242;53,53;242;241
Muran;940;353;37,55;353;346
Muranska Dlha Luka;675;304;45,03;304;303
Muranska Huta;191;118;61,78;118;118
Muranska Lehota;173;83;47,97;83;83
Muranska Zdychava;193;93;48,18;93;92
Nandraz;191;64;33,5;64;64
Otrocok;244;102;41,8;102;101
Ploske - Revuca;62;25;40,32;25;25
Polina;80;38;47,5;38;36
Prihradzany;66;39;59,09;39;39
Rakos - Revuca;319;125;39,18;125;124
Rasice;103;30;29,12;30;30
Ratkova;431;131;30,39;131;128
Ratkovske Bystre;268;120;44,77;120;118
Revuca;9839;4029;40,94;4029;4004
Revucka Lehota;251;166;66,13;166;165
Rybnik;108;21;19,44;21;21
Sasa - Revuca;118;40;33,89;40;39
Sirk;861;261;30,31;261;255
Skeresovo;172;60;34,88;60;60
Sivetice;273;54;19,78;54;54
Tornala;5783;1583;27,37;1583;1566
Turcok;206;74;35,92;74;74
Visnove;49;18;36,73;18;18
Ziar;98;38;38,77;38;36
Abovce;492;123;25;123;121
Babinec;60;35;58,33;35;35
Barca;361;83;22,99;83;83
Batka;694;239;34,43;239;233
Belin;137;43;31,38;43;42
Blhovce;602;107;17,77;107;107
Bottovo;164;86;52,43;86;84
Budikovany;50;23;46;23;22
Cakov;228;74;32,45;74;74
Cerencany;465;253;54,4;253;250
Cierny Potok;118;66;55,93;66;65
Ciz;556;194;34,89;194;191
Dolne Zahorany;158;63;39,87;63;61
Drazice;186;43;23,11;43;43
Driencany;164;85;51,82;85;84
Drna;145;63;43,44;63;63
Dubno;131;28;21,37;28;28
Dubovec;393;78;19,84;78;77
Dulovo;147;53;36,05;53;53
Figa;329;91;27,65;91;90
Gemercek;80;25;31,25;25;25
Gemerske Dechtare;347;112;32,27;112;111
Gemerske Michalovce;75;26;34,66;26;26
Gemersky Jablonec;574;121;21,08;121;121
Gortva;386;49;12,69;49;49
Hajnacka;941;255;27,09;255;249
Hnusta;5490;1910;34,79;1910;1887
Hodejov;1110;248;22,34;248;244
Hodejovec;152;58;38,15;58;57
Horne Zahorany;100;61;61;61;61
Hostice;700;134;19,14;134;133
Hostisovce;160;39;24,37;39;37
Hrachovo;679;360;53,01;360;357
Hrusovo;169;93;55,02;93;92
Hubovo;111;27;24,32;27;26
Husina;401;91;22,69;91;86
Chanava;560;152;27,14;152;150
Chramec;313;61;19,48;61;61
Ivanice;187;62;33,15;62;62
Janice;171;33;19,29;33;31
Jesenske;1776;469;26,4;469;465
Jestice;120;27;22,5;27;26
Kalosa;555;158;28,46;158;153
Kesovce;160;14;8,75;14;14
Klenovec;2434;1019;41,86;1018;1012
Kociha;165;91;55,15;91;90
Konradovce;246;49;19,91;49;49
Kral;725;223;30,75;223;222
Kraskovo;100;56;56;56;56
Krokava;24;18;75;18;17
Kruzno;291;155;53,26;155;155
Kyjatice;60;35;58,33;35;34
Lehota nad Rimavicou;240;108;45;108;107
Lenartovce;391;121;30,94;121;120
Lenka;168;95;56,54;95;94
Lipovec;54;9;16,66;9;9
Lukovistia;152;68;44,73;68;67
Martinova;164;30;18,29;30;30
Neporadza;224;62;27,67;62;62
Nizny Skalnik;160;78;48,75;78;76
Nova Basta;388;108;27,83;108;107
Oravka;129;69;53,48;69;69
Ozdany;1258;476;37,83;476;469
Padarovce;128;46;35,93;46;46
Pavlovce - Rimavska Sobota;263;47;17,87;47;46
Petrovce - Rimavska Sobota;182;51;28,02;51;46
Poproc - Rimavska Sobota;19;11;57,89;11;11
Potok;29;20;68,96;20;20
Radnovce;601;170;28,28;170;166
Rakytnik;207;71;34,29;71;70
Ratkovska Lehota;42;27;64,28;27;27
Ratkovska Sucha;41;21;51,21;21;21
Riecka;184;42;22,82;42;42
Rimavska Bana;402;171;42,53;171;171
Rimavska Sec;1419;142;10;142;138
Rimavska Sobota;18417;7048;38,26;7048;6999
Rimavske Brezovo;407;163;40,04;163;161
Rimavske Janovce;1044;300;28,73;300;299
Rimavske Zaluzany;287;168;58,53;168;166
Rovne - Rimavska Sobota;93;44;47,31;44;44
Rumince;316;120;37,97;120;120
Slizke;132;30;22,72;30;29
Stara Basta;279;73;26,16;73;73
Stranska;279;76;27,24;76;74
Studena;210;45;21,42;45;41
Sutor;389;128;32,9;128;107
Simonovce;399;119;29,82;119;118
Sirkovce;684;146;21,34;146;144
Spanie Pole;73;41;56,16;41;41
Strkovec;291;56;19,24;56;55
Tachty;425;191;44,94;191;188
Teply Vrch;235;139;59,14;139;138
Tisovec;3148;1365;43,36;1365;1354
Tomasovce;160;66;41,25;66;66
Uzovska Panica;521;103;19,76;103;100
Valice;199;67;33,66;67;64
Vcelince;625;114;18,24;114;114
Vecelkov;191;60;31,41;60;59
Velke Teriakovce;695;279;40,14;279;276
Velky Blh;863;236;27,34;236;231
Vieska nad Blhom;122;48;39,34;48;47
Vlkyna;242;48;19,83;48;48
Vysne Valice;201;51;25,37;51;51
Vysny Skalnik;124;68;54,83;68;67
Zador;930;25;2,68;25;25
Zacharovce;327;85;25,99;85;85
Zip;156;65;41,66;65;61
Balog nad Iplom;667;258;38,68;258;254
Batorova;292;105;35,95;105;103
Brusnik;91;32;35,16;32;32
Busince;1128;337;29,87;337;334
Cebovce;881;325;36,88;325;325
Celare;383;109;28,45;109;109
Celovce - Velky Krtis;323;126;39;126;125
Cervenany;29;15;51,72;15;15
Dacov Lom;323;134;41,48;134;133
Dolinka;423;130;30,73;130;127
Dolna Strehova;853;413;48,41;413;410
Dolne Plachtince;493;247;50,1;247;245
Dolne Strhare;157;77;49,04;77;77
Durkovce;112;40;35,71;40;40
Glabusovce;95;48;50,52;48;48
Horna Strehova;128;60;46,87;60;60
Horne Plachtince;180;78;43,33;78;78
Horne Strhare;202;101;50;101;101
Hrusov - Velky Krtis;675;355;52,59;355;348
Chrastince;190;53;27,89;53;50
Chrtany;104;54;51,92;54;54
Ipelske Predmostie;472;154;32,62;154;152
Kamenne Kosihy;272;134;49,26;134;134
Kiarov;253;120;47,43;120;120
Klenany;230;73;31,73;73;73
Kolare;208;78;37,5;78;78
Kosihovce;438;163;37,21;163;159
Kosihy nad Iplom;383;117;30,54;117;116
Kovacovce;276;87;31,52;87;87
Lesenice;427;182;42,62;182;182
Luboriecka;143;86;60,13;86;83
Mala Calomija;171;97;56,72;97;96
Male Straciny;116;48;41,37;48;48
Male Zlievce;227;112;49,33;112;112
Maly Krtis;408;200;49,01;200;197
Modry Kamen;1273;530;41,63;530;524
Mula;231;49;21,21;49;46
Nenince;1130;493;43,62;493;489
Nova Ves;332;143;43,07;143;140
Obeckov;378;165;43,65;165;164
Olovary;243;124;51,02;124;124
Opatovska Nova Ves;500;224;44,8;224;221
Opava;92;30;32,6;30;30
Potor;649;257;39,59;257;256
Pravica;94;21;22,34;21;21
Pribelce;464;223;48,06;223;220
Secianky;297;71;23,9;71;70
Selany;156;72;46,15;72;72
Senne - Velky Krtis;160;85;53,12;85;85
Sklabina;737;285;38,67;285;282
Slovenske Darmoty;401;126;31,42;126;125
Slovenske Klacany;135;50;37,03;50;50
Stredne Plachtince;514;203;39,49;203;203
Suchan;207;92;44,44;92;92
Suche Brezovo;72;32;44,44;32;32
Sirakov;178;57;32,02;57;56
Sula;58;30;51,72;30;30
Trebusovce;156;74;47,43;74;73
Velka Calomija;487;170;34,9;170;169
Velka Ves nad Iplom;337;118;35,01;118;118
Velke Straciny;134;71;52,98;71;70
Velke Zlievce;369;118;31,97;118;116
Velky Krtis;9478;3838;40,49;3835;3805
Velky Lom;132;69;52,27;69;69
Vieska;162;87;53,7;87;87
Vinica;1556;459;29,49;459;457
Vrbovka;308;86;27,92;86;85
Zahorce;548;270;49,27;270;269
Zavada - Velky Krtis;386;182;47,15;182;181
Zombor;107;40;37,38;40;40
Zelovce;1011;392;38,77;392;391
Detva;11895;5624;47,28;5624;5598
Detvianska Huta;571;271;47,46;271;270
Dubravy;792;396;50;396;393
Horny Tisovnik;150;82;54,66;82;82
Hrinova;6161;2609;42,34;2609;2593
Klokoc;430;218;50,69;218;215
Korytarky;795;396;49,81;396;395
Krivan;1429;828;57,94;828;820
Latky;502;278;55,37;278;274
Podkrivan;475;235;49,47;235;233
Slatinske Lazy;430;219;50,93;219;217
Stara Huta;268;147;54,85;147;143
Stozok;822;480;58,39;480;478
Viglas;1314;733;55,78;733;729
Viglasska Huta - Kalinka;289;168;58,13;168;167
Bzovik;832;433;52,04;433;429
Cerovo;450;214;47,55;214;209
Cabradsky Vrbovok;191;99;51,83;99;97
Cekovce;330;148;44,84;148;147
Devicie;258;159;61,62;159;159
Dolne Mladonice;106;67;63,2;67;67
Dolny Badin;208;126;60,57;126;124
Domaniky;178;72;40,44;72;72
Drazovce;103;51;49,51;51;51
Drienovo;90;66;73,33;66;65
Dudince;1538;1014;65,92;1014;1007
Hontianske Moravce;642;294;45,79;294;293
Hontianske Nemce;1159;578;49,87;578;570
Hontianske Tesare;707;270;38,18;270;267
Horne Mladonice;148;88;59,45;88;88
Horny Badin;155;85;54,83;85;85
Jalsovik;154;102;66,23;102;102
Kozi Vrbovok;122;77;63,11;77;76
Kralovce - Krnisov;131;75;57,25;75;74
Krupina;6153;3207;52,12;3201;3182
Lackov;85;51;60;51;51
Ladzany;236;150;63,55;150;149
Lisov;180;92;51,11;92;92
Litava;576;254;44,09;254;252
Medovarce;163;70;42,94;70;69
Rykyncice;253;154;60,86;154;154
Sebechleby;940;522;55,53;520;515
Selce;89;52;58,42;52;52
Senohrad;601;315;52,41;315;315
Sudince;58;28;48,27;28;28
Sudovce;151;70;46,35;70;68
Terany;471;233;49,46;233;229
Trpin;95;59;62,1;59;59
Unatin;145;92;63,44;92;92
Zemiansky Vrbovok;69;35;50,72;35;35
Zibritov;69;37;53,62;37;37
Babina;419;253;60,38;253;253
Bacurov;131;82;62,59;82;82
Breziny;301;137;45,51;137;136
Budca;1089;543;49,86;543;543
Bzovska Lehotka;109;60;55,04;60;59
Dobra Niva;1530;881;57,58;881;877
Dubove;231;129;55,84;129;127
Hronska Breznica;217;104;47,92;104;104
Kovacova - Zvolen;1315;824;62,66;824;820
Lest (vojensky obvod);27;5;18,51;5;5
Lieskovec - Zvolen;1108;658;59,38;658;646
Lukavica - Zvolen;198;126;63,63;126;126
Michalkova;37;22;59,45;22;22
Ocova;2093;1066;50,93;1065;1062
Ostra Luka;259;141;54,44;141;141
Pliesovce;1890;1012;53,54;1012;1004
Podzamcok;412;256;62,13;256;255
Sasa;751;374;49,8;374;370
Sielnica;1124;529;47,06;529;526
Sliac;4171;2529;60,63;2528;2515
Trnie;294;175;59,52;175;174
Turova;352;228;64,77;228;226
Velka Luka;561;354;63,1;354;353
Zvolen;34275;17330;50,56;17327;17227
Zvolenska Slatina;2279;1204;52,83;1204;1197
Zelezna Breznica;445;248;55,73;248;248
Badan;140;71;50,71;71;69
Banska Bela;967;480;49,63;480;473
Banska Stiavnica;8176;4115;50,33;4115;4098
Bansky Studenec;366;175;47,81;175;175
Beluj;111;53;47,74;53;53
Dekys;168;99;58,92;99;99
Ilija;286;155;54,19;155;154
Kozelnik;139;68;48,92;68;68
Mociar;121;60;49,58;60;60
Pocuvadlo;91;54;59,34;54;54
Podhorie;300;183;61;183;181
Prencov;535;262;48,97;262;260
Svaty Anton;949;489;51,52;489;486
Stiavnicke Bane;745;430;57,71;430;428
Vysoka - Banska Stiavnica;120;68;56,66;68;68
Brehy;888;454;51,12;453;447
Hodrusa - Hamre;1813;923;50,91;921;915
Horne Hamre;531;310;58,38;310;308
Hrabicov;474;226;47,67;226;226
Hronsky Benadik;968;506;52,27;506;504
Klak;176;100;56,81;100;98
Mala Lehota;738;369;50;369;360
Nova Bana;5835;3026;51,85;3020;2995
Orovnica;464;230;49,56;230;230
Ostry Grun;447;247;55,25;247;247
Pila;94;37;39,36;37;37
Rudno nad Hronom;432;242;56,01;242;241
Tekovska Breznica;1022;582;56,94;582;579
Velka Lehota;924;475;51,4;475;471
Velke Pole;364;141;38,73;141;141
Voznica;515;267;51,84;267;267
Zarnovica;4914;2336;47,53;2336;2319
Zupkov;709;327;46,12;325;320
Bartosova Lehotka;294;169;57,48;169;169
Bzenica;521;276;52,97;276;276
Dolna Trnavka;271;196;72,32;196;196
Dolna Ves;175;88;50,28;88;86
Dolna Zdana;703;366;52,06;366;363
Hlinik nad Hronom;2291;1232;53,77;1232;1221
Horna Ves;562;318;56,58;318;317
Horna Zdana;440;222;50,45;222;222
Hronska Dubrava;335;178;53,13;178;174
Ihrac;439;210;47,83;210;209
Janova Lehota;784;404;51,53;402;398
Jastraba;457;240;52,51;240;240
Kopernica;372;129;34,67;129;128
Kosorin;384;204;53,12;204;203
Krahule;253;145;57,31;145;144
Kremnica;4284;2293;53,52;2288;2277
Kremnicke Bane;203;110;54,18;110;107
Kunesov;180;77;42,77;77;77
Ladomerska Vieska;688;356;51,74;356;354
Lehotka pod Brehmi;312;184;58,97;184;182
Lovca;551;338;61,34;337;337
Lovcica - Trubin;1264;731;57,83;731;726
Lucky - Ziar nad Hronom;170;88;51,76;88;88
Lutila;1083;657;60,66;657;654
Nevolne;341;214;62,75;214;213
Pitelova;560;305;54,46;305;305
Prestavlky;547;312;57,03;312;306
Prochot;484;279;57,64;279;279
Repiste;259;164;63,32;164;164
Sklene Teplice;424;285;67,21;285;283
Slaska;405;217;53,58;217;216
Stara Kremnicka;882;410;46,48;410;403
Trnava Hora;980;488;49,79;488;485
Vyhne;1051;531;50,52;531;531
Ziar nad Hronom;14974;6971;46,55;6969;6934
Abrahamovce - Bardejov;277;123;44,4;123;122
Andrejova;261;133;50,95;133;132
Bardejov;25590;11972;46,78;11963;11910
Bartosovce;566;331;58,48;331;329
Becherov;220;98;44,54;98;98
Beloveza;644;372;57,76;372;371
Bogliarka;100;61;61;61;61
Brezov;321;164;51,09;164;161
Brezovka;101;55;54,45;55;55
Buclovany;183;103;56,28;103;103
Cigelka;329;54;16,41;54;54
Dubinne;292;184;63,01;184;184
Fricka;211;77;36,49;77;77
Frickovce;573;310;54,1;310;308
Gaboltov;396;194;48,98;194;194
Gerlachov - Bardejov;779;298;38,25;298;298
Hankovce - Bardejov;342;181;52,92;181;179
Harhaj;200;115;57,5;115;115
Hazlin;945;483;51,11;483;483
Hertnik;839;424;50,53;424;421
Hervartov;408;236;57,84;236;235
Hrabovec;405;220;54,32;220;220
Hrabske;438;174;39,72;174;172
Hutka;81;46;56,79;46;46
Chmelova;316;198;62,65;198;197
Janovce - Bardejov;347;190;54,75;190;190
Jedlinka;67;41;61,19;41;40
Klusov;846;516;60,99;516;514
Kobyly;655;382;58,32;382;380
Kochanovce - Bardejov;210;106;50,47;106;105
Komarov;371;194;52,29;194;194
Koprivnica;541;219;40,48;219;217
Kozany;85;25;29,41;25;25
Krive;176;97;55,11;97;97
Krize;70;42;60;42;42
Kruzlov;805;385;47,82;385;382
Kucin - Bardejov;274;130;47,44;130;130
Kurima;869;456;52,47;456;455
Kurov;434;233;53,68;233;230
Lascov;437;140;32,03;140;140
Lenartov;697;248;35,58;248;244
Lipova;60;35;58,33;35;35
Livov;72;31;43,05;31;31
Livovska Huta;44;20;45,45;20;20
Lopuchov;252;126;50;126;125
Lukavica;302;164;54,3;164;162
Lukov;456;200;43,85;200;199
Malcov;1105;458;41,44;458;456
Marhan;713;285;39,97;285;283
Mikulasova;116;50;43,1;50;50
Mokroluh;618;347;56,14;347;343
Nemcovce - Bardejov;207;116;56,03;116;115
Nizna Polianka;192;123;64,06;123;120
Nizna Vola;230;114;49,56;114;113
Nizny Tvarozec;348;128;36,78;128;127
Olsavce;142;64;45,07;64;62
Ondavka;21;13;61,9;13;13
Ortutova;151;84;55,62;84;82
Osikov;761;496;65,17;496;493
Petrova;531;102;19,2;102;101
Poliakovce;300;153;51;153;153
Porubka - Bardejov;190;104;54,73;104;103
Raslavice;2073;1038;50,07;1038;1034
Regetovka;29;19;65,51;19;19
Resov;255;129;50,58;129;129
Richvald;805;381;47,32;381;375
Rokytov;424;213;50,23;213;211
Smilno;567;262;46,2;262;261
Snakov;486;204;41,97;204;201
Stebnicka Huta;189;83;43,91;83;83
Stebnik;258;165;63,95;165;165
Stulany;446;200;44,84;200;200
Sverzov;434;254;58,52;254;253
Sarisske Cierne;257;126;49,02;126;126
Sasova;120;51;42,5;51;51
Siba;481;267;55,5;267;267
Tarnov;314;196;62,42;196;196
Trocany;233;154;66,09;154;154
Vaniskovce;290;158;54,48;158;155
Varadka;157;42;26,75;42;42
Vysna Polianka;99;58;58,58;58;58
Vysna Vola;315;149;47,3;149;147
Vysny Krucov;118;56;47,45;56;56
Vysny Tvarozec;94;67;71,27;67;67
Zborov;2325;710;30,53;710;706
Zlate;629;331;52,62;331;330
Adidovce;169;70;41,42;70;69
Baskovce - Humenne;335;173;51,64;173;173
Brekov;1023;402;39,29;402;401
Brestov - Humenne;484;243;50,2;243;242
Cernina - Humenne;125;82;65,6;82;81
Dedacov;126;58;46,03;58;57
Gruzovce;105;61;58,09;61;61
Hankovce;441;221;50,11;221;220
Hazin nad Cirochou;551;258;46,82;258;256
Hrabovec nad Laborcom;442;219;49,54;219;218
Hrubov;399;181;45,36;181;178
Hudcovce;330;190;57,57;190;189
Humenne;26580;11024;41,47;11023;10958
Chlmec;469;243;51,81;243;243
Jablon;351;151;43,01;151;148
Jankovce;230;137;59,56;137;136
Jasenov - Humenne;969;555;57,27;555;546
Kamenica nad Cirochou;1875;827;44,1;826;820
Kamienka - Humenne;438;197;44,97;197;197
Karna;365;144;39,45;144;143
Kochanovce;621;301;48,47;301;299
Kosarovce;490;220;44,89;220;219
Koskovce;461;219;47,5;219;216
Lackovce;594;346;58,24;346;345
Lieskovec;363;182;50,13;182;182
Lubisa;663;302;45,55;302;301
Lukacovce;385;161;41,81;161;161
Maskovce;53;20;37,73;20;20
Modra nad Cirochou;806;391;48,51;391;386
Myslina;459;184;40,08;184;179
Nechvalova  Polianka;75;45;60;45;45
Nizna Jablonka;130;50;38,46;50;49
Nizna Sitnica;258;148;57,36;148;148
Nizne Ladickovce;282;123;43,61;123;122
Ohradzany;500;247;49,4;247;247
Pakostov;364;198;54,39;198;196
Papin;776;332;42,78;332;322
Porubka - Humenne;218;104;47,7;104;104
Pritulany;44;22;50;22;22
Pticie;542;251;46,3;251;250
Rohoznik;41;31;75,6;31;31
Rokytov pri Humennom;261;146;55,93;146;145
Rovne - Humenne;362;159;43,92;159;159
Ruska Kajna;93;65;69,89;65;65
Ruska Poruba;203;97;47,78;97;97
Slovenska Volova;414;154;37,19;154;151
Slovenske Krive;113;64;56,63;64;64
Sopkovce;88;52;59,09;52;52
Topolovka;667;361;54,12;361;357
Turcovce;266;156;58,64;156;154
Udavske;1006;507;50,39;506;500
Velopolie;300;156;52;156;155
Vitazovce;247;137;55,46;137;135
Vysna Jablonka;69;50;72,46;50;50
Vysna Sitnica;293;166;56,65;166;166
Vysne Ladickovce;164;73;44,51;73;73
Vysny Hrusov;399;136;34,08;136;135
Zavada;69;44;63,76;44;44
Zavadka - Humenne;446;235;52,69;235;235
Zbudske Dlhe;470;178;37,87;178;171
Zubne;298;132;44,29;132;131
Brestov nad Laborcom;80;46;57,5;46;43
Cabalovce;261;107;40,99;107;101
Cabiny;296;138;46,62;138;137
Certizne;305;153;50,16;153;153
Habura;403;215;53,34;215;212
Kalinov;247;86;34,81;86;85
Krasny Brod;374;179;47,86;179;176
Medzilaborce;4850;1748;36,04;1748;1738
Nagov;340;163;47,94;163;163
Olka;225;116;51,55;116;115
Olsinkov;31;20;64,51;20;20
Palota;140;53;37,85;53;53
Radvan nad Laborcom;431;185;42,92;185;181
Repejov;109;57;52,29;57;57
Rokytovce;143;70;48,95;70;69
Roskovce;139;64;46,04;64;64
Sukov;106;51;48,11;51;51
Svetlice;100;54;54;54;54
Valentovce;41;23;56,09;23;23
Volica;236;102;43,22;102;102
Vyrava;159;62;38,99;62;62
Zbojne;149;64;42,95;64;63
Zbudska Bela;100;54;54;54;52
Bela nad Cirochou;2770;1044;37,68;1044;1038
Brezovec;36;13;36,11;13;12
Cukalovce;146;83;56,84;83;82
Dlhe nad Cirochou;1560;655;41,98;655;652
Dubrava - Snina;197;69;35,02;69;69
Hostovice;239;123;51,46;123;123
Hrabova Roztoka;52;27;51,92;27;27
Jalova;55;19;34,54;19;19
Kalna Roztoka;447;157;35,12;157;155
Klenova;390;138;35,38;138;138
Kolbasov;71;30;42,25;30;29
Kolonica;453;158;34,87;158;158
Ladomirov;234;92;39,31;92;90
Michajlov;74;34;45,94;34;34
Nova Sedlica;229;95;41,48;95;89
Osadne;154;75;48,7;75;75
Parihuzovce;25;12;48;12;11
Pcoline;469;239;50,95;239;238
Pichne;461;232;50,32;232;230
Prislop;48;23;47,91;23;23
Runina;81;53;65,43;53;53
Ruska Volova;86;38;44,18;38;38
Rusky Potok;125;36;28,8;36;36
Snina;15743;5749;36,51;5744;5729
Stakcin;1910;738;38,63;738;738
Stakcinska Roztoka;261;116;44,44;116;115
Strihovce;127;49;38,58;49;48
Smigovec;74;27;36,48;27;27
Topola;140;58;41,42;58;56
Ubla;650;262;40,3;262;259
Ulic;696;167;23,99;167;165
Ulicske Krive;195;78;40;78;77
Zboj;277;114;41,15;114;113
Zemplinske Hamre;1033;392;37,94;392;390
Abrahamovce;205;109;53,17;109;109
Busovce;254;117;46,06;117;117
Cerveny Klastor;213;145;68,07;145;142
Havka;34;22;64,7;22;22
Holumnica;691;147;21,27;147;147
Hradisko;80;48;60;48;48
Huncovce;1954;708;36,23;708;697
Ihlany;1056;257;24,33;257;257
Jezersko;86;51;59,3;51;51
Jurske;770;37;4,8;37;35
Kezmarok;12957;6606;50,98;6602;6550
Krizova Ves;1365;336;24,61;336;331
Lechnica;204;80;39,21;80;79
Lendak;3675;1944;52,89;1944;1931
Lubica;3247;1652;50,87;1652;1633
Majere;92;46;50;46;46
Mala Frankova;159;99;62,26;99;99
Maly Slavkov;771;282;36,57;282;279
Matiasovce;593;286;48,22;286;286
Mlynceky;538;306;56,87;306;304
Osturna;288;162;56,25;162;162
Podhorany - Kezmarok;1291;345;26,72;345;337
Rakusy;1747;463;26,5;463;458
Relov;264;123;46,59;123;123
Slovenska Ves;1402;602;42,93;602;598
Spisska Bela;5091;2408;47,29;2408;2396
Spisska Stara Ves;1748;807;46,16;807;804
Spisske Hanusovce;578;266;46,02;266;265
Stara Lesna;852;387;45,42;387;385
Strane pod Tatrami;1158;144;12,43;144;144
Toporec;1376;300;21,8;300;298
Tvarozna;525;271;51,61;271;267
Velka Frankova;272;154;56,61;154;153
Velka Lomnica;3185;1198;37,61;1198;1192
Vlkova;580;308;53,1;308;305
Vlkovce;360;221;61,38;221;221
Vojnany;227;142;62,55;142;141
Vrbov;1074;479;44,59;479;475
Vyborna;714;82;11,48;82;82
Zalesie;74;47;63,51;47;47
Zakovce;724;392;54,14;392;387
Baldovce;139;76;54,67;76;76
Beharovce;133;93;69,92;93;93
Bijacovce;666;300;45,04;300;299
Brutovce;147;87;59,18;87;87
Buglovce;223;137;61,43;137;137
Dlhe Straze;413;198;47,94;198;197
Dolany;381;64;16,79;64;64
Domanovce;721;359;49,79;359;357
Dravce;646;257;39,78;257;252
Dubrava;267;148;55,43;148;148
Granc - Petrovce;491;267;54,37;267;267
Harakovce;55;32;58,18;32;32
Jablonov;738;289;39,15;289;286
Klcov;490;281;57,34;281;281
Korytne;80;54;67,5;54;53
Kurimany;298;174;58,38;174;172
Levoca;11294;4638;41,06;4638;4615
Lucka - Levoca;93;66;70,96;66;65
Nemesany;320;203;63,43;203;202
Nizne Repase;154;98;63,63;98;98
Olsavica;213;130;61,03;130;130
Ordzovany;127;86;67,71;86;86
Pavlany;44;33;75;33;32
Polanovce;131;87;66,41;87;87
Pongracovce;88;58;65,9;58;57
Spisske Podhradie;3059;1357;44,36;1355;1347
Spissky Hrhov;1166;559;47,94;559;548
Spissky Stvrtok;1983;853;43,01;853;848
Studenec;393;215;54,7;215;213
Torysky;277;141;50,9;141;138
Uloza;167;96;57,48;96;95
Vysne Repase;83;46;55,42;46;46
Vysny Slavkov;226;143;63,27;143;143
Batizovce;1756;864;49,2;863;856
Ganovce;1108;534;48,19;534;529
Gerlachov;674;315;46,73;315;310
Hozelec;619;326;52,66;326;323
Horka;1583;916;57,86;916;914
Hranovnica;2116;720;34,02;720;717
Janovce;999;398;39,83;398;391
Kravany - Poprad;725;319;44;319;316
Liptovska Teplicka;1768;732;41,4;732;725
Lucivna;817;282;34,51;282;278
Mengusovce;496;197;39,71;197;196
Mlynica;461;255;55,31;255;255
Nova Lesna;1370;662;48,32;662;660
Poprad;41648;21015;50,45;21009;20908
Spisska Teplica;1767;990;56,02;990;984
Spisske Bystre;1936;984;50,82;984;975
Spissky Stiavnik;1755;792;45,12;791;784
Svit;6557;3548;54,11;3548;3527
Stola;432;267;61,8;267;263
Strba;3374;1908;56,55;1908;1900
Sunava;1534;823;53,65;823;816
Svabovce;1061;445;41,94;445;444
Tatranska Javorina;238;149;62,6;149;148
Velky Slavkov;1098;485;44,17;485;481
Vernar;499;304;60,92;304;304
Vikartovce;1403;650;46,32;650;639
Vydrnik;827;256;30,95;256;255
Vysoke Tatry;4291;2830;65,95;2823;2813
Zdiar;1261;730;57,89;728;723
Abranovce;480;192;40;192;190
Bajerov;350;208;59,42;208;208
Bertotovce;409;207;50,61;207;203
Brestov;360;204;56,66;204;202
Bretejovce;341;200;58,65;200;198
Brezany;152;101;66,44;101;101
Bzenov;588;267;45,4;267;267
Celovce - Presov;271;160;59,04;160;158
Cervenica;626;93;14,85;93;92
Demjata;893;505;56,55;505;503
Drienov;1718;763;44,41;763;760
Drienovska Nova Ves;606;286;47,19;286;284
Dulova Ves;914;543;59,4;543;540
Fintice;1592;914;57,41;914;909
Fricovce;868;384;44,23;384;382
Fulianka;321;185;57,63;185;183
Geraltov;110;58;52,72;58;58
Gregorovce;692;406;58,67;406;405
Haniska - Presov;583;358;61,4;358;354
Hendrichovce;188;88;46,8;88;88
Hermanovce;1186;389;32,79;389;385
Hrabkov;585;301;51,45;301;299
Chmelov;781;288;36,87;288;287
Chmelovec;352;224;63,63;224;224
Chminany;613;183;29,85;183;181
Chminianska Nova Ves;1004;510;50,79;509;508
Chminianske Jakubovany;1261;163;12,92;163;162
Janov;251;144;57,37;144;143
Janovik;281;164;58,36;164;163
Kapusany;1683;956;56,8;956;952
Kendice;1418;667;47,03;666;661
Klenov;186;81;43,54;81;81
Kojatice;839;423;50,41;423;417
Kokosovce;699;414;59,22;413;413
Krizovany;288;131;45,48;131;129
Kvacany;223;142;63,67;142;140
Lada;685;354;51,67;354;354
Lazany;147;79;53,74;79;79
Lemesany;1482;628;42,37;628;620
Lesicek;255;75;29,41;75;75
Licartovce;802;389;48,5;389;389
Lipniky;433;181;41,8;181;180
Lipovce;433;243;56,12;243;242
Lubotice;2705;1606;59,37;1606;1596
Lubovec;405;198;48,88;198;196
Lucina;141;73;51,77;73;73
Maly Slivnik;575;117;20,34;117;116
Maly Saris;1320;780;59,09;779;776
Medzany;638;365;57,21;365;363
Miklusovce;246;148;60,16;148;147
Mirkovce;795;224;28,17;224;215
Mosurov;157;102;64,96;102;102
Nemcovce;369;243;65,85;243;243
Okruzna;374;223;59,62;223;223
Ondrasovce;47;36;76,59;36;36
Ovcie;515;311;60,38;311;307
Petrovany;1522;719;47,24;719;711
Podhorany;643;359;55,83;359;352
Podhradik;305;188;61,63;188;186
Presov;70463;36791;52,21;36784;36614
Proc;325;148;45,53;148;148
Pusovce;420;227;54,04;227;227
Radatice;613;304;49,59;304;302
Rokycany;663;185;27,9;185;185
Ruska Nova Ves;916;434;47,37;434;433
Sedlice;799;445;55,69;444;442
Seniakovce;127;76;59,84;76;75
Sucha Dolina;162;82;50,61;82;79
Svinia;1208;346;28,64;346;343
Sarisska Poruba;390;142;36,41;142;140
Sarisska Trstena;246;103;41,86;103;102
Sarisske Bohdanovce;649;385;59,32;385;384
Sindliar;427;202;47,3;202;202
Siroke;1891;997;52,72;997;993
Stefanovce - Presov;158;89;56,32;89;89
Teriakovce;612;393;64,21;393;392
Terna;910;510;56,04;510;505
Trnkov;190;113;59,47;113;111
Tuhrina;312;96;30,76;96;96
Tulcik;1049;611;58,24;611;608
Varhanovce;956;230;24,05;230;226
Velky Slivnik;249;137;55,02;137;135
Velky Saris;4664;2449;52,5;2448;2435
Vitaz;1526;835;54,71;835;833
Vysna Sebastova;1002;582;58,08;582;581
Zaborske;691;454;65,7;454;454
Zahradne;854;480;56,2;480;477
Zlata Bana;386;193;50;193;193
Zehna;748;309;41,31;309;308
Zipov;236;154;65,25;154;152
Zupcany;1238;676;54,6;676;666
Bajerovce;257;155;60,31;155;154
Bodovce;282;147;52,12;147;146
Brezovica;1326;653;49,24;653;650
Brezovicka;331;189;57,09;189;189
Cervena Voda;396;216;54,54;216;208
Cervenica pri Sabinove;712;357;50,14;357;354
Dacov;570;348;61,05;348;347
Daletice;88;47;53,4;47;47
Drienica;642;392;61,05;392;390
Dubovica;1143;565;49,43;565;556
Hanigovce;113;56;49,55;56;55
Hubosovce;395;194;49,11;194;193
Jakovany;289;148;51,21;148;147
Jakubova Vola;326;151;46,31;151;150
Jakubovany;748;380;50,8;380;379
Jarovnice;3446;482;13,98;482;473
Kamenica;1389;661;47,58;661;659
Krasna Luka;543;291;53,59;291;286
Krivany;866;369;42,6;369;363
Lipany;4839;2392;49,43;2391;2373
Lucka - Sabinov;523;280;53,53;280;273
Lutina;411;245;59,61;245;241
Milpos;488;225;46,1;225;218
Nizny Slavkov;601;268;44,59;268;268
Olejnikov;321;85;26,47;85;84
Olsov;306;149;48,69;149;149
Ostrovany;1296;331;25,54;331;326
Pecovska Nova Ves;1909;845;44,26;845;839
Poloma;725;337;46,48;337;337
Ratvaj;113;54;47,78;54;54
Raznany;1180;548;46,44;548;543
Rencisov;142;72;50,7;72;71
Rozkovany;999;538;53,85;538;535
Sabinov;9624;4458;46,32;4457;4418
Sarisske Dravce;951;497;52,26;497;493
Sarisske Michalany;2221;1196;53,84;1196;1189
Sarisske Sokolovce;433;211;48,72;211;210
Tichy Potok;278;143;51,43;143;142
Torysa;1131;529;46,77;529;522
Uzovce;421;257;61,04;257;255
Uzovske Peklany;310;126;40,64;126;125
Uzovsky Salgov;514;246;47,85;246;245
Vysoka;105;63;60;63;63
Circ;917;455;49,61;455;452
Durkova;178;93;52,24;93;93
Forbasy;355;210;59,15;210;210
Hajtovka;62;31;50;31;31
Haligovce;509;163;32,02;163;163
Hniezdne;1120;523;46,69;523;522
Hranicne;166;68;40,96;68;67
Hromos;415;241;58,07;241;240
Chmelnica;781;405;51,85;405;395
Jakubany;1999;665;33,26;665;663
Jarabina;718;310;43,17;310;307
Kamienka;1116;482;43,18;482;477
Kolackov;817;326;39,9;326;325
Kremna;80;46;57,5;46;46
Kyjov;534;218;40,82;218;215
Lackova;139;91;65,46;91;90
Legnava;106;38;35,84;38;38
Lesnica;380;213;56,05;213;210
Litmanova;526;207;39,35;207;206
Lomnicka;1453;193;13,28;193;186
Lubotin;1008;470;46,62;470;468
Maly Lipnik;366;204;55,73;204;204
Matysova;57;50;87,71;50;50
Mnisek nad Popradom;467;197;42,18;197;197
Nizne Ruzbachy;493;258;52,33;258;256
Nova Lubovna;2294;1166;50,82;1166;1162
Obrucne;29;20;68,96;20;20
Orlov;503;260;51,68;260;259
Plavec;1419;599;42,21;599;599
Plavnica;1292;667;51,62;667;651
Podolinec;2451;1027;41,9;1025;1015
Puste Pole;188;91;48,4;91;91
Ruska Vola nad Popradom;68;41;60,29;41;41
Stara Lubovna;12421;5496;44,24;5496;5458
Starina;43;23;53,48;23;23
Stranany;153;87;56,86;87;86
Sulin;287;114;39,72;114;113
Sambron;325;185;56,92;184;183
Sarisske Jastrabie;909;388;42,68;388;386
Udol;283;176;62,19;176;173
Velka Lesna;365;184;50,41;184;184
Velky Lipnik;732;351;47,95;351;347
Vislanka;214;105;49,06;105;98
Vysne Ruzbachy;1131;581;51,37;579;575
Bana;160;67;41,87;67;65
Breznica;658;296;44,98;296;295
Breznicka;111;58;52,25;58;58
Brusnica;258;110;42,63;110;109
Bukovce;409;175;42,78;175;171
Bystra;32;21;65,62;21;21
Bzany;152;80;52,63;80;80
Duplin;419;193;46,06;193;193
Gribov;155;94;60,64;94;94
Havaj;319;166;52,03;166;165
Chotca;478;194;40,58;194;193
Jakusovce;44;25;56,81;25;25
Kolbovce;131;56;42,74;56;56
Korunkova;73;40;54,79;40;40
Kozuchovce;49;34;69,38;34;34
Krislovce;39;21;53,84;21;20
Krucov;184;110;59,78;110;110
Krusinec;205;77;37,56;77;77
Lomne;207;83;40,09;83;82
Makovce;125;63;50,4;63;62
Mala Polana;98;60;61,22;60;59
Mikova;116;60;51,72;60;59
Minovce;285;152;53,33;152;151
Mrazovce;78;40;51,28;40;39
Nizna Olsava;315;147;46,66;147;143
Olsavka - Stropkov;180;81;45;81;80
Potoky;83;42;50,6;42;42
Potocky;64;40;62,5;40;40
Solnik;34;22;64,7;22;22
Staskovce;197;97;49,23;97;94
Stropkov;8101;3525;43,51;3525;3499
Sandal;244;105;43,03;105;104
Tisinec;386;196;50,77;196;196
Tokajik;90;50;55,55;50;50
Turany nad Ondavou;304;158;51,97;158;155
Varechovce;127;59;46,45;59;59
Velkrop;167;66;39,52;66;66
Vislava;166;86;51,8;86;86
Vladica;63;32;50,79;32;32
Vojtovce;85;43;50,58;43;43
Vyskovce;120;67;55,83;67;67
Vysna Olsava;472;221;46,82;221;217
Vysny Hrabovec;158;83;52,53;83;83
Belejovce;21;8;38,09;8;8
Benadikovce;164;89;54,26;89;89
Bodruzal;45;20;44,44;20;20
Cernina;449;184;40,97;184;183
Cigla;63;38;60,31;38;38
Dlhona;64;24;37,5;24;24
Dobroslava;42;21;50;21;20
Dubova;183;93;50,81;93;91
Dukovce;229;140;61,13;140;138
Fijas;119;65;54,62;65;64
Giraltovce;3183;1303;40,93;1303;1293
Havranec;17;13;76,47;13;12
Hrabovcik;262;154;58,77;154;151
Hunkovce;272;104;38,23;104;102
Jurkova Vola;74;42;56,75;42;42
Kalniste;424;182;42,92;182;181
Kapisova;338;133;39,34;133;133
Keckovce;191;70;36,64;70;69
Kobylnice;84;47;55,95;47;45
Korejovce;62;39;62,9;39;39
Kracunovce;946;494;52,21;494;493
Krajna Bystra;303;74;24,42;74;74
Krajna Polana;157;64;40,76;64;64
Krajna Porubka;46;22;47,82;22;22
Krajne Cierno;70;49;70;49;49
Kruzlova;483;194;40,16;194;194
Kukova;581;266;45,78;266;266
Kurimka;318;164;51,57;164;163
Ladomirova;765;250;32,67;250;249
Lucka - Svidnik;425;195;45,88;195;195
Luzany pri Topli;201;124;61,69;124;123
Matovce;106;52;49,05;52;52
Medvedie;44;32;72,72;32;32
Mestisko;382;186;48,69;186;185
Micakovce;113;64;56,63;64;63
Mirola;59;35;59,32;35;35
Mlynarovce;182;105;57,69;105;104
Nizna Jedlova;85;50;58,82;50;50
Nizna Pisana;74;40;54,05;40;39
Nizny Komarnik;123;65;52,84;65;65
Nizny Mirosov;209;82;39,23;82;82
Nizny Orlik;243;140;57,61;140;140
Nova Polianka;49;31;63,26;31;31
Okruhle;487;206;42,29;206;204
Prikra;16;15;93,75;15;15
Pstrina;57;28;49,12;28;27
Radoma;345;156;45,21;156;155
Rakovcik;113;63;55,75;63;60
Rovne;401;190;47,38;190;188
Roztoky;270;103;38,14;103;102
Sobos;127;79;62,2;79;77
Strocin;414;185;44,68;185;184
Svidnicka;129;74;57,36;74;74
Svidnik;8719;3716;42,61;3716;3704
Sarbov;28;27;96,42;27;27
Sarissky Stiavnik;224;115;51,33;115;114
Semetkovce;78;34;43,58;34;34
Stefurov;100;45;45;45;45
Vagrinec;97;60;61,85;60;60
Valkovce;179;107;59,77;107;107
Vapenik;48;36;75;36;36
Vysna Jedlova;152;98;64,47;98;96
Vysna Pisana;62;42;67,74;42;42
Vysny Komarnik;67;37;55,22;37;37
Vysny Mirosov;464;204;43,96;204;204
Vysny Orlik;314;165;52,54;165;165
Zeleznik;377;176;46,68;176;175
Zelmanovce;271;147;54,24;147;147
Babie;200;81;40,5;81;81
Banske;1236;448;36,24;447;444
Benkovce;432;178;41,2;178;178
Bystre;2111;911;43,15;911;910
Cabov;314;156;49,68;156;156
Caklov;1850;680;36,75;680;676
Cicava;841;263;31,27;263;260
Cierne nad Toplou;615;334;54,3;334;332
Dapalovce;343;167;48,68;167;164
Davidov;645;327;50,69;327;324
Detrik;46;20;43,47;20;20
Dlhe Klcovo;1096;506;46,16;506;505
Durdos;186;58;31,18;58;58
Giglovce;135;69;51,11;69;69
Girovce;50;29;58;29;29
Hanusovce nad Toplou;2805;964;34,36;964;958
Hencovce;1037;485;46,76;485;484
Hermanovce nad Toplou;550;290;52,72;290;288
Hlinne;1252;364;29,07;364;360
Holcikovce;358;148;41,34;148;146
Jasenovce;178;99;55,61;99;97
Jastrabie nad Toplou;366;172;46,99;172;172
Juskova Vola;247;167;67,61;167;167
Kamenna Poruba;915;222;24,26;222;221
Kladzany;444;210;47,29;210;209
Komarany;396;210;53,03;210;206
Kucin;379;79;20,84;79;79
Kvakovce;393;143;36,38;143;140
Majerovce;358;219;61,17;219;219
Mala Domasa;425;196;46,11;196;193
Matiaska;221;119;53,84;119;118
Medzianky;258;149;57,75;149;149
Mernik;498;221;44,37;221;220
Michalok;251;112;44,62;112;111
Nizny Hrabovec;1299;553;42,57;553;550
Nizny Hrusov;1274;571;44,81;569;564
Nizny Krucov;318;177;55,66;177;177
Nova Kelca;291;160;54,98;160;160
Ondavske Matiasovce;611;244;39,93;244;242
Pavlovce;599;310;51,75;310;307
Petkovce;114;58;50,87;58;58
Petrovce - Vranov nad Toplou;372;168;45,16;168;168
Piskorovce;110;44;40;44;43
Posa;627;229;36,52;229;229
Prosacov;139;42;30,21;42;42
Radvanovce;184;111;60,32;111;111
Rafajovce;130;56;43,07;56;56
Remeniny;227;114;50,22;114;114
Rudlov;509;230;45,18;230;230
Ruska Vola;62;22;35,48;22;22
Sacurov;1621;593;36,58;592;588
Secovska Polianka;2115;846;40;846;842
Sedliska;1071;454;42,39;453;450
Skrabske;570;193;33,85;193;193
Slovenska Kajna;641;266;41,49;266;261
Sol;1835;664;36,18;664;656
Stefanovce;98;52;53,06;52;49
Tovarne;808;361;44,67;361;355
Tovarnianska Polianka;89;54;60,67;54;53
Vavrinec;54;29;53,7;29;29
Vechec;1830;494;26,99;492;489
Vlaca;192;108;56,25;108;108
Vranov nad Toplou;17457;7442;42,63;7440;7394
Vysny Kazimir;165;91;55,15;91;91
Vysny Zipov;926;332;35,85;332;327
Zamutov;2244;552;24,59;552;552
Zlatnik;63;37;58,73;37;37
Zalobin;617;220;35,65;220;220
Kosice - Dzungla;511;212;41,48;212;206
Kosice - Kavecany;1072;552;51,49;552;546
Kosice - Sever;16242;8383;51,61;8383;8347
Kosice - Sidlisko Tahanovce;17808;8298;46,59;8295;8241
Kosice - Stare Mesto;17129;9264;54,08;9260;9228
Kosice - Tahanovce;1778;839;47,18;839;835
Kosice - Lorincik;569;392;68,89;392;391
Kosice - Lunik IX;4414;125;2,83;125;118
Kosice - Myslava;1968;1192;60,56;1189;1183
Kosice - Peres;1607;918;57,12;918;913
Kosice - Polov;941;559;59,4;559;557
Kosice - Sidlisko KVP;19062;9457;49,61;9457;9409
Kosice - Saca;4437;1762;39,71;1762;1749
Kosice - Zapad;32199;15718;48,81;15711;15657
Kosice - Dargovskych hrdinov;21773;9824;45,12;9821;9768
Kosice - Kosicka Nova Ves;2218;1132;51,03;1130;1123
Kosice - Barca;2991;1678;56,1;1678;1674
Kosice - Juh;18458;9263;50,18;9262;9218
Kosice - Krasna;4074;1942;47,66;1941;1934
Kosice - Nad jazerom;19584;9097;46,45;9094;9059
Kosice - Sebastovce;583;339;58,14;339;335
Kosice - Vysne Opatske;1970;1195;60,65;1195;1190
Backovik;367;161;43,86;161;157
Baska;497;318;63,98;318;313
Belza;335;206;61,49;206;204
Beniakovce;566;301;53,18;301;301
Bidovce;1119;509;45,48;509;506
Blazice;465;186;40;186;186
Bociar;195;84;43,07;84;84
Bohdanovce;904;483;53,42;483;481
Boliarov;521;144;27,63;144;143
Budimir;963;593;61,57;593;588
Bukovec;695;385;55,39;385;384
Bunetice;71;45;63,38;45;45
Buzica;954;271;28,4;264;261
Cestice;721;287;39,8;287;281
Cakanovce;490;167;34,08;167;165
Cana;4348;1816;41,76;1816;1800
Cecejovce;1693;798;47,13;798;795
Cizatice;326;179;54,9;179;179
Debrad;328;130;39,63;130;130
Drienovec;1608;380;23,63;380;374
Druzstevna pri Hornade;2069;823;39,77;823;821
Durdosik;466;257;55,15;257;255
Durkov;1292;448;34,67;448;444
Dvorniky - Vcelare;408;172;42,15;172;168
Geca;1424;665;46,69;665;665
Gynov;536;291;54,29;291;289
Hacava;170;65;38,23;65;65
Haj;230;112;48,69;112;110
Haniska;1193;602;50,46;602;598
Herlany;262;161;61,45;161;159
Hodkovce;246;149;60,56;149;149
Hostovce;163;78;47,85;78;76
Hrasovik;304;184;60,52;184;183
Hylov;422;238;56,39;238;238
Chorvaty;90;50;55,55;50;49
Chrastne;453;196;43,26;196;195
Janik;503;219;43,53;219;219
Jasov;2281;575;25,2;575;574
Kalsa;587;293;49,91;293;291
Kecerovce;2097;293;13,97;293;283
Kecerovsky Lipovec;100;55;55;55;55
Kechnec;873;358;41;358;358
Koksov - Baksa;977;504;51,58;504;501
Komarovce;330;147;44,54;147;145
Kostolany nad Hornadom;1020;560;54,9;560;556
Kosicka Bela;826;414;50,12;414;413
Kosicka Polianka;813;371;45,63;371;369
Kosicke Olsany;997;439;44,03;439;428
Kosicky Klecenov;246;133;54,06;133;132
Kralovce;910;325;35,71;325;323
Kysak;1230;728;59,18;728;722
Mala Ida;1268;830;65,45;830;828
Mala Lodina;218;123;56,42;123;122
Medzev;2997;916;30,56;916;914
Milhost;306;81;26,47;81;78
Mokrance;1160;523;45,08;523;520
Moldava nad Bodvou;7904;2692;34,05;2691;2666
Mudrovce;64;36;56,25;36;36
Nizna Hutka;495;247;49,89;247;247
Nizna Kamenica;486;228;46,91;228;228
Nizna Mysla;1145;530;46,28;529;526
Nizny Caj;224;131;58,48;131;131
Nizny Klatov;674;390;57,86;390;387
Nizny Lanec;317;93;29,33;93;91
Nova Polhora;355;213;60;213;211
Novacany;593;253;42,66;253;252
Novy Salas;179;115;64,24;115;114
Obisovce;368;210;57,06;210;209
Olsovany;510;251;49,21;251;250
Opatka;100;63;63;63;63
Opina;145;68;46,89;68;68
Panovce;498;314;63,05;314;314
Peder;325;87;26,76;87;86
Perin - Chym;1255;588;46,85;588;584
Ploske;739;390;52,77;390;385
Poproc;2249;1102;48,99;1102;1093
Rakos;296;134;45,27;134;132
Rankovce;541;166;30,68;166;164
Resica;276;88;31,88;88;86
Rozhanovce;1977;1051;53,16;1051;1048
Rudnik;516;253;49,03;253;251
Ruskov;1227;644;52,48;644;644
Sady nad Torysou;1513;707;46,72;707;694
Sena;1703;682;40,04;682;677
Skaros;888;430;48,42;430;429
Slancik;172;80;46,51;80;78
Slanec;1170;465;39,74;465;463
Slanska Huta;193;102;52,84;102;100
Slanske Nove Mesto;413;183;44,3;183;180
Sokol;935;471;50,37;471;464
Sokolany;943;361;38,28;361;356
Svinica;760;345;45,39;345;343
Semsa;724;309;42,67;309;303
Stos;592;265;44,76;262;261
Trebejov;168;109;64,88;109;109
Trstany;245;146;59,59;146;145
Trstene pri Hornade;1207;558;46,23;558;555
Turna nad Bodvou;2772;862;31,09;862;848
Turnianska Nova Ves;263;123;46,76;123;122
Vajkovce;711;326;45,85;326;325
Valaliky;3413;1434;42,01;1434;1419
Velka Ida;2357;566;24,01;566;559
Velka Lodina;248;98;39,51;98;98
Vtackovce;745;116;15,57;116;115
Vysna Hutka;386;173;44,81;173;172
Vysna Kamenica;259;135;52,12;135;130
Vysna Mysla;790;405;51,26;405;405
Vysny Caj;244;132;54,09;132;132
Vysny Klatov;384;216;56,25;216;216
Vysny Medzev;428;197;46,02;197;196
Zadiel;124;39;31,45;39;39
Zlata Idka;326;184;56,44;184;183
Zarnov;338;105;31,06;105;102
Zdana;1106;534;48,28;532;524
Bajany;373;136;36,46;136;136
Banovce nad Ondavou;586;233;39,76;233;230
Besa;306;118;38,56;118;116
Bracovce;737;286;38,8;286;283
Budince;163;72;44,17;72;72
Budkovce;1186;456;38,44;456;456
Cecehov;307;148;48,2;148;146
Cicarovce;698;172;24,64;172;166
Cierne Pole;286;133;46,5;133;133
Drahnov;955;106;11,09;106;106
Dubravka;540;280;51,85;280;276
Falkusovce;498;150;30,12;150;147
Hatalov;620;280;45,16;280;276
Hazin;394;179;45,43;179;178
Hnojne;184;88;47,82;88;85
Horovce;640;260;40,62;260;258
Inacovce;515;145;28,15;145;142
Izkovce;83;54;65,06;54;54
Jastrabie pri Michalovciach;244;87;35,65;87;87
Jovsa;684;281;41,08;281;280
Kacanov;326;88;26,99;88;87
Kaluza;406;252;62,06;252;251
Kapusianske Klacany;656;134;20,42;134;133
Klokocov;365;218;59,72;218;217
Krasnovce;518;294;56,75;294;294
Krisovska Lieskova;675;251;37,18;251;245
Kusin;292;152;52,05;152;150
Lastomir;965;425;44,04;425;423
Laskovce;438;120;27,39;120;118
Lesne;340;188;55,29;188;188
Lozin;661;231;34,94;231;230
Lucky;446;184;41,25;184;182
Malcice;1010;223;22,07;223;220
Male Raskovce;200;110;55;110;110
Markovce;646;154;23,83;154;152
Matovske Vojkovce;503;161;32;161;159
Michalovce;31074;13229;42,57;13228;13159
Moravany;826;325;39,34;325;322
Nacina Ves;1379;468;33,93;467;466
Oborin;572;246;43;246;243
Oreske;416;200;48,07;200;199
Palin;708;181;25,56;181;180
Pavlovce nad Uhom;3269;633;19,36;633;627
Petrikovce;164;79;48,17;79;78
Petrovce nad Laborcom;790;325;41,13;325;321
Poruba pod Vihorlatom;510;232;45,49;232;231
Pozdisovce;1054;480;45,54;480;476
Ptruksa;395;190;48,1;190;187
Puste Cemerne;309;177;57,28;177;177
Rakovec nad Ondavou;868;328;37,78;328;327
Ruska;457;100;21,88;100;97
Senne;584;166;28,42;166;166
Slavkovce;470;130;27,65;130;128
Sliepkovce;573;162;28,27;162;162
Stare;630;272;43,17;272;271
Strazske;3574;1386;38,78;1386;1380
Stretava;542;141;26,01;141;141
Stretavka;137;55;40,14;55;55
Suche;353;194;54,95;194;193
Samudovce;430;138;32,09;138;138
Trhoviste;1344;389;28,94;389;383
Trnava pri Laborci;467;249;53,31;249;248
Tusice;561;238;42,42;238;238
Tusicka Nova Ves;460;245;53,26;245;245
Velke Kapusany;7340;1778;24,22;1777;1763
Velke Raskovce;268;126;47,01;126;124
Velke Slemence;454;98;21,58;98;98
Vinne;1539;764;49,64;764;761
Vojany;636;218;34,27;218;212
Vola;213;110;51,64;110;110
Vrbnica;673;222;32,98;222;213
Vysoka nad Uhom;677;221;32,64;221;221
Zaluzice;986;507;51,41;507;503
Zavadka - Michalovce;352;156;44,31;156;154
Zbudza;426;205;48,12;205;203
Zemplinska Siroka;773;322;41,65;322;319
Zemplinske Kopcany;273;79;28,93;79;79
Zbince;730;190;26,02;190;190
Baskovce;211;103;48,81;103;103
Benatina;164;85;51,82;85;85
Bezovce;779;304;39,02;304;304
Blatna Polianka;136;61;44,85;61;61
Blatne Remety;481;115;23,9;115;114
Blatne Revistia;188;90;47,87;90;89
Bunkovce;287;107;37,28;107;107
Fekisovce;251;89;35,45;89;89
Hlivistia;302;149;49,33;149;148
Horna;295;138;46,77;138;137
Husak;135;82;60,74;82;82
Chonkovce;442;228;51,58;228;225
Inovce;177;97;54,8;97;96
Jasenov;236;101;42,79;101;101
Jenkovce;359;136;37,88;136;136
Kolibabovce;141;57;40,42;57;56
Konus;277;144;51,98;144;143
Koromla;346;153;44,21;153;153
Krcava;330;152;46,06;152;151
Kristy;220;78;35,45;78;78
Lekarovce;761;322;42,31;322;319
Nizna Rybnica;337;128;37,98;128;128
Nizne Nemecke;279;136;48,74;136;136
Orechova;191;87;45,54;87;87
Ostrov;254;113;44,48;113;113
Petrovce;160;73;45,62;73;73
Pinkovce;161;80;49,68;80;80
Podhorod;307;102;33,22;102;101
Porostov;173;98;56,64;98;97
Porubka;331;158;47,73;158;155
Priekopa;242;103;42,56;103;103
Remetske Hamre;475;205;43,15;205;202
Ruska Bystra;96;42;43,75;42;41
Ruskovce;212;114;53,77;114;113
Rusky Hrabovec;258;115;44,57;115;115
Sejkov;147;87;59,18;87;86
Sobrance;4575;1905;41,63;1904;1896
Svatus;86;56;65,11;56;56
Tasula;171;56;32,74;56;55
Tibava;426;189;44,36;189;187
Ubrez;548;161;29,37;161;159
Velke Revistia;405;220;54,32;220;218
Vojnatina;194;85;43,81;85;85
Vysna Rybnica;307;127;41,36;127;127
Vysne Nemecke;191;104;54,45;104;104
Vysne Remety;324;169;52,16;169;168
Zahor;545;196;35,96;196;196
Ardovo;135;77;57,03;77;77
Betliar;796;431;54,14;431;430
Bohunovo;244;86;35,24;86;86
Borka;339;85;25,07;85;82
Brdarka;48;20;41,66;20;19
Bretka;311;107;34,4;107;104
Brzotin;1019;289;28,36;289;282
Cierna Lehota;501;179;35,72;179;178
Coltovo;372;93;25;92;91
Cucma;520;191;36,73;191;191
Dedinky;232;153;65,94;153;153
Dlha Ves;463;142;30,66;142;142
Dobsina;3625;1038;28,63;1038;1031
Drnava;532;226;42,48;226;226
Gemerska Horka;1043;279;26,74;279;273
Gemerska Panica;513;193;37,62;193;189
Gemerska Poloma;1572;601;38,23;601;599
Gocaltovo;190;74;38,94;74;73
Gocovo;286;158;55,24;158;156
Hankova;53;32;60,37;32;30
Henckovce;326;114;34,96;114;114
Honce;314;165;52,54;165;165
Hrhov;916;270;29,47;270;267
Hrusov;277;83;29,96;83;81
Jablonov nad Turnou;656;266;40,54;266;263
Jovice;565;210;37,16;210;210
Kecovo;295;114;38,64;114;114
Kobeliarovo;304;111;36,51;111;110
Kocelovce;190;67;35,26;67;66
Kovacova;68;35;51,47;35;34
Krasnohorska Dlha Luka;592;282;47,63;282;279
Krasnohorske Podhradie;1978;667;33,72;667;656
Kruzna;405;147;36,29;147;145
Kunova Teplica;547;92;16,81;92;92
Lipovnik;435;200;45,97;200;198
Lucka;160;53;33,12;53;52
Markuska;118;52;44,06;52;52
Meliata;171;80;46,78;80;80
Nizna Slana;943;316;33,51;316;313
Ochtina;428;143;33,41;143;143
Paca;478;235;49,16;235;234
Paskova;256;60;23,43;60;59
Petrovo;78;41;52,56;41;41
Plesivec;1840;618;33,58;618;609
Rakovnica;522;274;52,49;274;274
Rejdova;539;202;37,47;202;202
Rochovce;248;88;35,48;88;87
Rostar;407;116;28,5;116;116
Rozlozna;155;58;37,41;58;58
Roznava;14722;5892;40,02;5891;5862
Roznavske Bystre;502;236;47,01;236;236
Rudna;615;285;46,34;285;283
Silica;428;120;28,03;120;119
Silicka Brezova;140;55;39,28;55;52
Silicka Jablonica;162;79;48,76;79;78
Slavec;380;122;32,1;122;120
Slavoska;81;33;40,74;33;33
Slavosovce;1377;455;33,04;455;454
Stratena;111;73;65,76;73;73
Stitnik;1220;503;41,22;503;491
Vlachovo;696;381;54,74;381;379
Vysna Slana;391;180;46,03;180;180
Gelnica;4990;2100;42,08;2100;2088
Helcmanovce;1161;448;38,58;446;445
Henclova;107;68;63,55;68;68
Hrisovce;260;150;57,69;150;148
Jaklovce;1530;773;50,52;773;770
Kluknava;1264;636;50,31;636;628
Kojsov;591;281;47,54;281;278
Margecany;1636;891;54,46;891;884
Mnisek nad Hnilcom;1275;363;28,47;363;356
Nalepkovo;2155;468;21,71;468;466
Prakovce;2601;1011;38,86;1009;1005
Richnava;1536;274;17,83;274;272
Smolnicka Huta;382;181;47,38;181;180
Smolnik;850;353;41,52;353;350
Stara Voda;169;99;58,57;99;99
Svedlar;1583;293;18,5;293;292
Uhorna;106;48;45,28;48;46
Velky Folkmar;762;401;52,62;401;400
Zavadka;408;159;38,97;159;159
Zakarovce;549;228;41,53;228;227
Arnutovce;498;141;28,31;141;139
Betlanovce;526;199;37,83;199;197
Bystrany;2104;292;13,87;292;289
Danisovce;455;303;66,59;303;303
Harichovce;1499;821;54,76;821;815
Hincovce;185;98;52,97;98;98
Hnilcik;475;219;46,1;219;219
Hnilec;366;164;44,8;163;159
Hrabusice;1792;560;31,25;560;554
Chrast nad Hornadom;619;218;35,21;218;217
Iliasovce;789;374;47,4;374;372
Jamnik;906;521;57,5;521;517
Kalava;304;136;44,73;136;135
Kolinovce;461;188;40,78;188;188
Krompachy;6407;2506;39,11;2506;2489
Letanovce;1491;536;35,94;536;533
Lieskovany;273;161;58,97;161;161
Markusovce;2757;639;23,17;639;638
Matejovce nad Hornadom;418;245;58,61;245;240
Mlynky;464;254;54,74;254;253
Odorin;770;465;60,38;465;465
Olcnava;826;430;52,05;430;429
Olsavka;155;84;54,19;84;84
Porac;773;336;43,46;336;335
Rudnany;2648;602;22,73;602;597
Slatvina;269;147;54,64;147;147
Slovinky;1421;594;41,8;594;592
Smizany;6868;3074;44,75;3074;3039
Spisska Nova Ves;28942;14298;49,4;14298;14224
Spisske Tomasovce;1481;605;40,85;605;605
Spisske Vlachy;2712;1323;48,78;1323;1317
Spissky Hrusov;1017;487;47,88;487;486
Teplicka;900;461;51,22;461;458
Vitkovce;410;144;35,12;144;144
Vojkovce;342;184;53,8;184;182
Zehra;1209;134;11,08;134;132
Backa;480;76;15,83;76;69
Backov;502;238;47,41;238;237
Bara;241;65;26,97;65;63
Biel;1125;274;24,35;274;271
Bol;591;127;21,48;127;127
Borsa;955;363;38,01;363;362
Botany;924;164;17,74;164;162
Brehov;470;133;28,29;133;130
Brezina;518;241;46,52;241;240
Bysta;127;87;68,5;87;86
Cejkov;975;407;41,74;407;396
Celovce;415;167;40,24;167;167
Cerhov;590;232;39,32;232;231
Cernochov;173;51;29,47;51;51
Cierna;399;193;48,37;193;193
Cierna nad Tisou;2908;632;21,73;632;626
Dargov;515;264;51,26;264;263
Dobra;396;112;28,28;112;108
Dvorianky;542;254;46,86;254;253
Egres;337;136;40,35;136;130
Hran;1299;491;37,79;491;489
Hrcel;647;180;27,82;180;175
Hriadky;371;171;46,09;171;170
Kasov;230;120;52,17;120;120
Kazimir;692;240;34,68;240;240
Klin nad Bodrogom;168;42;25;42;42
Kozuchov;176;91;51,7;91;91
Kralovsky Chlmec;6097;1457;23,89;1457;1426
Kravany;251;98;39,04;98;97
Kuzmice;1323;533;40,28;533;530
Kysta;329;158;48,02;158;157
Ladmovce;267;77;28,83;77;77
Lastovce;796;213;26,75;213;209
Leles;1457;359;24,63;359;355
Luhyna;271;124;45,75;124;123
Mala Trna;315;119;37,77;118;114
Male Ozorovce;435;228;52,41;228;226
Male Trakany;922;198;21,47;198;190
Maly Hores;926;149;16,09;149;147
Maly Kamenec;396;76;19,19;76;73
Michalany;1385;523;37,76;523;520
Nizny Zipov;1056;322;30,49;322;319
Novosad;812;325;40,02;325;320
Novy Ruskov;537;304;56,61;304;304
Parchovany;1470;569;38,7;566;563
Plechotice;613;273;44,53;273;273
Polany;410;95;23,17;95;94
Pribenik;825;217;26,3;217;216
Rad;436;153;35,09;153;151
Secovce;6327;2418;38,21;2418;2398
Sirnik;468;161;34,4;161;159
Slivnik;621;285;45,89;285;285
Slovenske Nove Mesto;846;251;29,66;251;250
Solnicka;192;52;27,08;52;52
Somotor;1220;357;29,26;357;355
Stanca;309;156;50,48;156;156
Stankovce;121;48;39,66;48;46
Strazne;489;106;21,67;106;103
Streda nad Bodrogom;1961;463;23,61;463;461
Svata Maria;483;145;30,02;145;144
Svatuse;672;176;26,19;176;173
Svinice;177;44;24,85;44;43
Trebisov;17854;6734;37,71;6732;6679
Trnavka;150;80;53,33;80;80
Velaty;680;302;44,41;302;299
Velka Trna;386;185;47,92;185;185
Velke Ozorovce;565;227;40,17;227;225
Velke Trakany;1213;239;19,7;239;235
Velky Hores;851;191;22,44;191;191
Velky Kamenec;625;125;20;125;123
Vinicky;383;137;35,77;137;134
Visnov;188;69;36,7;69;69
Vojcice;1621;565;34,85;565;557
Vojka;377;41;10,87;41;40
Zatin;618;138;22,33;138;136
Zbehnov;257;97;37,74;97;97
Zemplin;281;61;21,7;61;61
Zemplinska Nova Ves;717;302;42,11;302;298
Zemplinska Teplica;1211;467;38,56;467;462
Zemplinske Hradiste;984;376;38,21;376;373
Zemplinske Jastrabie;547;221;40,4;221;219
Zemplinsky Branc;393;114;29;114;113
